DVR,-104.86917,39.76722,1611
1987,07,03,15:35:19
CLASS 10 SECOND DATA,345
SURFACE:,Tim:s,Lon:d,Lat:d,Alt:m,Prs:mb,Tmp:C,Dpt:C,RH:%,WS:m/s,WD:d
FLIGHT: ,Tim:s,Lon:d,Lat:d,Alt:m,Prs:mb,Tmp:C,Dpt:C,RH:%,WS:m/s,WD:d,Qp,Qt,Qh,Quv
RMW
/
/
/
-42.1,-104.86917,39.76722,1608,836.7,23.5,13.1,52,1.8,180
10,-104.86907,39.76723,1626.2,835,20.1,11.1,48.9,.3,130.9,.7,.1,4.5,.3
20,-104.86905,39.76713,1667.1,831,20,9.6,52.7,2.4,343.6,.3,.1,.4,.2
30,-104.86895,39.7669,1718.4,826.1,19.6,10,53.9,3.1,342.9,.3,.1,.3,.3
40,-104.8688,39.76662,1769.6,821.2,19.2,10,54.7,3.6,331,.3,0,.3,.3
50,-104.86851,39.76645,1818.9,816.5,19,9.8,54.5,3.2,283.2,.3,.1,.5,.4
60,-104.86809,39.76644,1869.6,811.7,18.9,9.4,52.9,4.2,263,.2,0,.5,.4
70,-104.86763,39.76651,1919.9,806.9,18.5,9,53.3,3.9,253.8,.7,.2,.8,.3
80,-104.86728,39.76663,1968.3,802.4,18.3,8.7,52.9,2.8,235.9,.5,.1,.4,.7
90,-104.86706,39.76695,2013.9,798.1,18.3,8.3,50.9,5.6,194.1,.4,.1,.1,.8
100,-104.86705,39.76766,2061.1,793.8,18.2,7.8,49.6,10.4,174,.2,.1,.4,.7
110,-104.86702,39.76842,2109.8,789.3,18,7.3,48.4,6.7,193.7,.4,0,.6,.6
120,-104.8668,39.76896,2160.4,784.6,17.8,6.6,46.3,6,200.1,.5,.1,.5,.2
130,-104.86656,39.7695,2206.8,780.4,17.7,5.6,43.2,6.7,198.6,.4,.1,.1,.4
140,-104.86625,39.77006,2257.8,775.7,17.7,4.2,38.2,6.8,208,.3,0,.7,.4
150,-104.86586,39.77055,2310.6,770.9,17.8,2.3,32.9,5.9,214.5,.6,.1,1.2,.3
160,-104.86543,39.77094,2358.8,766.6,18,.3,27.8,5.7,226.6,.3,.1,1.3,.3
170,-104.86489,39.77127,2402.6,762.7,18.4,-2.1,22.3,6,236.3,.2,.1,.5,.3
180,-104.86432,39.77152,2455,758,18.9,-5,16.9,5.3,245.2,.1,.1,.3,.4
190,-104.86378,39.7716,2496.7,754.4,19.2,-8.4,12.5,4.5,273.9,.1,.1,1.2,.3
200,-104.86328,39.77156,2536.5,750.9,19.3,-11.4,10.3,4,278.1,.2,.1,.3,.4
210,-104.86277,39.77143,2576.8,747.3,19.2,-12.8,10.2,5.3,297.5,.3,0,.3,.4
220,-104.86221,39.77111,2616.6,743.9,18.9,-12.8,10.7,6.7,312.8,.1,.1,.3,.3
230,-104.86172,39.77084,2661.8,740,18.5,-12.6,11,3.7,292.2,.2,0,0,.3
240,-104.86133,39.77073,2706.5,736.1,18.2,-12.5,11.3,3.5,290.7,.2,.1,.3,.2
250,-104.86096,39.77059,2749.4,732.4,17.9,-12.5,11.4,3.6,300.9,.1,0,.6,.2
260,-104.86058,39.77041,2793.7,728.6,17.5,-12.6,11.6,3.9,303.2,.3,0,.3,.3
270,-104.86019,39.77018,2837.8,724.8,17.2,-12.7,11.8,4.5,310.6,.4,0,.3,.2
280,-104.85976,39.76992,2878.9,721.3,17,-13.1,11.3,4.9,304.7,.3,.1,.3,.3
290,-104.85927,39.76965,2922.7,717.6,16.7,-13.5,11.3,5.4,306.8,.3,0,.3,.2
300,-104.85873,39.76935,2966.7,713.9,16.3,-13.5,11.8,5.9,305,.1,0,.4,.2
310,-104.85818,39.76906,3007.8,710.5,15.9,-13.4,12,5.5,303.1,.3,0,0,.2
320,-104.85765,39.76884,3048.4,707.1,15.6,-13.6,12,4.8,293,.3,0,0,.2
330,-104.85706,39.7687,3087.4,703.8,15.2,-13.9,12,5.7,282.9,.3,0,0,.3
340,-104.85646,39.76857,3127,700.5,14.8,-13.9,12.6,5.1,289.2,.3,0,.3,.2
350,-104.85592,39.7684,3169.4,697,14.4,-13.7,13,4.9,295.6,.3,0,0,.2
360,-104.8554,39.76823,3214.5,693.3,14,-13.9,13,4.8,290.4,.2,.1,0,.2
370,-104.85489,39.76803,3265.9,689.1,13.5,-14.1,13.2,5,301.9,.2,0,.6,.2
380,-104.85442,39.76784,3315.6,685,13.1,-14.7,12.5,4,293.4,.2,.1,.8,.4
390,-104.85398,39.76776,3365.5,680.9,12.6,-15.8,11.8,3.8,275.5,.6,.1,.5,.2
400,-104.85354,39.7677,3414.1,677,12.2,-16.4,12,3.9,282.9,.6,0,0,.2
410,-104.85312,39.76759,3460.5,673.2,11.8,-16.6,12,3.9,293.1,.5,.1,0,.3
420,-104.85273,39.76753,3503.6,669.8,11.5,-16.9,12,3,270.1,.2,0,0,.4
430,-104.85238,39.7676,3539,666.9,11.2,-17.2,12,3.3,239.3,.1,0,0,.3
440,-104.85212,39.76775,3572.7,664.2,10.9,-17.4,12,2.3,228,.2,0,0,.2
450,-104.85188,39.76788,3607.5,661.5,10.6,-17.5,12.2,2.6,240.1,.1,0,.3,.2
460,-104.8517,39.76798,3643.8,658.6,10.3,-17.4,12.7,1.3,219.8,.3,.1,.3,.3
470,-104.81708,39.76299,3679.1,655.8,10,-17,13.7,1.3,182.3,.3,0,.3,.2
480,-104.79876,39.76056,3714,653,9.7,-16.4,14.6,1.6,203.2,.2,0,.4,.2
490,-104.78693,39.75925,3748.4,650.3,9.4,-16.1,15,1.3,273,.2,0,0,.1
500,-104.7808,39.75859,3784.8,647.5,9,-16,15.5,1.5,207.7,.1,.1,.3,.4
510,-104.77759,39.7584,3824.4,644.4,8.6,-15.9,16,2.2,278.6,.2,0,0,.2
520,-104.77576,39.75858,3862.9,641.4,8.2,-16,16,2.1,262.4,.2,0,0,.1
530,-104.77437,39.75876,3905.5,638.1,7.8,-16.1,16.6,1.8,238.6,.2,0,.6,.2
540,-104.77317,39.75887,3950.6,634.6,7.4,-15.9,17.5,1.5,230.5,.3,.1,.6,.2
550,-104.77225,39.75878,3996.3,631.1,7,-15.6,18.6,1.9,216.2,.4,0,.3,.2
560,-104.7717,39.75866,4041.4,627.6,6.5,-15.4,19.1,1.7,275.8,.3,0,.3,.2
570,-104.77118,39.75859,4084.8,624.3,6,-15.5,19.7,1.7,290.6,.1,0,.3,.1
580,-104.77092,39.75854,4128.1,621,5.6,-15.6,20,1.9,287.3,.2,0,0,.2
590,-104.77112,39.75844,4175.5,617.4,5.2,-15.5,21,1.6,300.9,.5,.1,.4,.2
600,-104.77134,39.7584,4218.6,614.1,2.9,-16.1,22.1,1.2,271.9,.5,2.2,.3,.1
610,-104.7715,39.75845,4255.6,611.3,2.9,-16.8,22.4,.5,287,.3,3.7,.6,.2
620,-104.77142,39.75847,4296.3,608.3,4,-16.1,22.6,1.3,354.4,.2,0,.3,.3
630,-104.77118,39.75855,4339.8,605,3.6,-15.6,23,1.2,302.1,.1,0,0,.3
640,-104.77118,39.75837,4380.3,602,3.2,-15.8,23.4,1.9,283.1,.1,0,.4,.3
650,-104.77079,39.75835,4997.5,557.8,2.8,-15.8,24.2,3.1,285.1,99.7,0,.6,.4
660,-104.77038,39.75834,5165.7,546.3,2.4,-15.7,25.1,4.3,315.1,142.5,0,.9,.6
670,-104.76934,39.75834,4507.9,592.7,2,-15.8,25.5,3.6,325.7,0,0,.5,.4
680,-104.76801,39.75834,4550.2,589.6,1.6,-15.9,25.9,2.1,321.2,.1,0,.4,.2
690,-104.767,39.75841,4593.9,586.4,1.2,-16.1,26.5,3,311.1,.2,0,.3,.2
700,-104.76565,39.75785,4637.9,583.2,.7,-16.1,27.2,3.5,314,0,0,.4,.2
710,-104.76467,39.75724,4680.7,580.1,.3,-16.3,27.6,2.6,323.7,.1,.1,.3,.3
720,-104.7643,39.75706,4720.4,577.2,-.1,-16.4,28.2,2.2,296.4,.9,0,.3,.3
730,-104.76407,39.75678,4762.7,574.2,-.5,-16.6,28.7,1.8,276.9,.7,0,.3,.2
740,-104.76388,39.75665,4809.7,570.8,-.9,-16.7,29.1,1.6,293.1,.3,0,.4,.3
750,-104.76354,39.75658,4850.1,567.9,-1.3,-16.8,29.9,2.5,295.5,.4,.1,.3,.2
760,-104.76403,39.75691,4972.9,559.2,-2.8,-17.1,32.2,3,289.3,14.7,2.8,7,.1
770,-104.76466,39.75727,5039.3,554.5,-3.5,-17.4,32.9,2.7,290.3,17.6,3.3,8.2,.4
780,-104.76489,39.75738,4983.1,558.5,-2.6,-17.7,30.1,2.1,307.1,.2,.1,.3,.3
790,-104.765,39.75729,5177.6,544.9,-4.9,-18,35.2,2.5,297.9,18.9,3.5,8.8,.3
800,-104.76477,39.75716,5206.4,542.9,-5.1,-18.3,34.6,2.8,303.2,21.6,4,10.3,.3
810,-104.76443,39.75701,5106,549.9,-3.7,-18.7,30,4.3,315.9,.1,.1,0,.3
820,-104.76438,39.75678,5143.1,547.3,-4.1,-18.4,34,3.5,306.1,.1,0,4.5,.3
830,-104.76444,39.75658,5183.2,544.5,-4.5,-17.9,34.2,3,299.8,.2,0,2.1,.2
840,-104.76438,39.75638,5223.6,541.7,-4.8,-18.6,31.9,3.3,291.5,.1,0,.3,.2
850,-104.76428,39.7562,5261.5,539.1,-5.2,-19.3,32.4,3.5,289.9,.3,0,.4,.1
860,-104.76416,39.75589,5300.3,536.5,-5.6,-19.5,32.8,3,295.2,.2,0,.3,.1
870,-104.764,39.75538,5340.3,533.7,-6,-19.6,33.4,3.1,288.9,0,0,.4,.2
880,-104.76358,39.75494,5379.8,531,-6.4,-19.8,34,3.4,279.9,.1,0,0,.2
890,-104.76306,39.75465,5418.9,528.4,-6.7,-20,34.4,3.1,285.9,.1,0,.3,.2
900,-104.7628,39.75458,5457.6,525.8,-7.1,-20.2,34.9,3.2,286.1,.1,0,.4,.1
910,-104.7626,39.75462,5496.7,523.1,-7.5,-20.4,35.3,3.2,274.2,.1,0,.4,.1
920,-104.76222,39.75456,5534.9,520.6,-7.8,-20.5,35.8,3,272.1,.2,0,.3,.1
930,-104.76206,39.75467,5572.3,518.1,-8.2,-20.7,36.2,2.6,247.4,.2,0,.6,.2
940,-104.7618,39.75475,5610.9,515.5,-8.6,-21,36.2,2.4,248.5,.1,.1,.3,.2
950,-104.76166,39.75479,5648.4,513,-8.9,-21.3,36.3,2.2,247.4,.1,0,.3,.2
960,-104.76146,39.75474,5686,510.5,-9.3,-21.5,37,2.5,239.9,0,.1,.3,.1
970,-104.76107,39.75471,5724,508,-9.7,-21.7,37.2,2.5,247.2,.1,0,.5,.1
980,-104.7603,39.75469,5763.2,505.5,-10,-22,37.3,2.2,254.7,.1,0,.6,.2
990,-104.75952,39.75468,5801.5,502.9,-10.4,-22.4,36.8,2.4,253.8,.1,.1,.3,.1
1000,-104.75907,39.75497,5838.2,500.6,-10.6,-23.1,34.9,2.9,254.4,.1,0,.6,.1
1010,-104.75881,39.75514,5877.1,498,-10.9,-24.1,32.2,2.9,268.5,.2,0,.5,.1
1020,-104.75838,39.7553,5919.2,495.3,-11.2,-25.3,29.5,2.8,265.3,.2,0,1,.1
1030,-104.75782,39.75578,5962.3,492.5,-11.5,-26.6,27.1,2.9,261.1,.1,0,.8,.1
1040,-104.75751,39.75621,6004.6,489.8,-11.8,-27.6,26,3.5,262.1,.1,0,0,.2
1050,-104.75727,39.75619,6050.2,486.9,-12.1,-28.2,25.6,5,262,.1,0,.4,.3
1060,-104.75661,39.75649,6096.7,483.9,-12.5,-28.8,24.9,5.8,258.1,.1,0,.4,.3
1070,-104.75545,39.75734,6142,481.1,-12.9,-29.5,23.9,5.9,254.7,.1,0,.5,.3
1080,-104.75463,39.75769,6187.7,478.2,-13.3,-30.6,22.1,6.8,255.4,.1,0,.6,.3
1090,-104.75331,39.75768,6227.7,475.7,-13.6,-32,19.2,9.5,254.8,.1,.1,.9,.5
1100,-104.75179,39.75751,6262,473.5,-13.7,-34.1,15.7,11.6,248.7,.1,0,.5,.4
1110,-104.75043,39.75743,6294.7,471.5,-13.6,-36.7,11.8,14.9,257.5,.1,.1,.5,.3
1120,-104.7495,39.75746,6328.6,469.4,-13.3,-39.7,8.5,10.8,257.7,0,0,1.2,.3
1130,-104.7481,39.75764,6364.2,467.2,-13.1,-41.4,8.5,10.1,255.3,.1,.1,.4,.2
1140,-104.74657,39.75788,6399.2,465.1,-13.2,-40.7,9.7,10.3,258.2,.1,0,.4,.2
1150,-104.74511,39.75793,6434.8,462.9,-13.5,-39.7,10.5,10.3,259.8,0,.1,.4,.2
1160,-104.74362,39.75788,6470.6,460.7,-13.8,-39.4,10.8,10.4,265.2,0,0,.4,.2
1170,-104.74238,39.75786,6505.6,458.6,-13.9,-39.9,9.8,10.6,264.4,0,.1,.5,.2
1180,-104.74099,39.75771,6540.4,456.5,-13.9,-41.3,8.2,10.6,264.5,.1,0,.6,.2
1190,-104.73922,39.75801,6575.8,454.4,-13.8,-43.3,6.7,11.6,267.9,.1,0,.3,.2
1200,-104.73802,39.75808,6612.2,452.2,-13.9,-45.2,5.7,11.3,270.2,.1,.1,.9,.2
1210,-104.73669,39.75789,6649,450,-14.1,-45.9,5.9,12.1,272.6,.1,.1,.3,.2
1220,-104.73514,39.75763,6686.9,447.8,-14.4,-45.4,6.6,12.3,272.5,.1,0,.3,.2
1230,-104.73359,39.75757,6723.6,445.6,-14.7,-44.5,7.4,12.1,272.6,.1,0,.4,.2
1240,-104.73219,39.75737,6761.6,443.4,-15,-42.7,9.7,11.3,275.2,.2,0,.4,.2
1250,-104.73082,39.75704,6800.4,441.1,-15.4,-41,11.2,11.7,276.2,.1,0,.3,.2
1260,-104.72948,39.75678,6838.8,438.9,-15.8,-40.2,11.9,12.2,276.1,0,0,.4,.2
1270,-104.72817,39.7568,6876.5,436.7,-16.1,-40,12.5,11.9,272.9,0,0,.3,.1
1280,-104.72664,39.75666,6914.9,434.5,-16.5,-39.8,13,11.7,271.3,.1,0,0,.1
1290,-104.72453,39.75667,6954.2,432.2,-16.9,-39.9,13,12,272.2,0,0,0,.2
1300,-104.72295,39.75674,6994,429.9,-17.2,-40,13.7,12.6,272.7,.1,.1,.3,.1
1310,-104.72142,39.75694,7034.5,427.6,-17.6,-39.9,14,13,271.6,.2,0,0,.3
1320,-104.72052,39.7569,7072.8,425.4,-17.9,-40.1,14,14.6,272.6,.1,0,0,.2
1330,-104.7195,39.75694,7113.5,423.1,-18.3,-40.3,14.4,14.3,269.4,.1,0,.4,.3
1340,-104.71839,39.75711,7154.6,420.8,-18.6,-40.3,14.8,12.8,265.1,.1,0,.3,.2
1350,-104.71703,39.7574,7195.1,418.5,-19,-40.4,15,13,264.3,.1,0,0,.2
1360,-104.71547,39.75834,7234.8,416.2,-19.4,-40.5,15.4,13.1,262.7,.1,.1,.4,.2
1370,-104.71401,39.75865,7276.2,413.9,-19.8,-40.6,15.8,13.1,264.5,.1,.1,.3,.2
1380,-104.71232,39.75896,7318.2,411.6,-20.2,-40.7,16,12.7,264.8,.1,.1,0,.2
1390,-104.71043,39.75944,7361,409.2,-20.5,-41,16,13.4,259.8,.1,.1,0,.2
1400,-104.70828,39.76006,7406.5,406.7,-20.9,-41.4,15.8,14.1,259.3,.1,0,.5,.2
1410,-104.70624,39.76003,7452.3,404.2,-21.3,-41.9,15.8,13.9,259.5,.1,0,.4,.2
1420,-104.70465,39.75994,7495.9,401.8,-21.7,-42.2,16,13.6,258,.1,0,0,.2
1430,-104.70312,39.76012,7537.2,399.6,-22.1,-42.3,16.5,13.5,257.9,.1,0,.3,.2
1440,-104.70152,39.76029,7578.7,397.3,-22.5,-42.4,16.8,14.2,259.3,.1,0,.3,.2
1450,-104.69949,39.76173,7622.8,394.9,-22.7,-43.1,15.1,14.2,257,.1,.1,.7,.2
1460,-104.69772,39.76271,7667.4,392.5,-22.8,-45.1,11.6,14.8,254.8,0,0,.7,.2
1470,-104.69624,39.76285,7710.1,390.3,-22.7,-48.3,7.8,16.4,251.7,.2,.1,1,.4
1480,-104.69497,39.76277,7753.7,387.9,-22.7,-51.5,6.2,17.1,251.9,.1,0,.3,.3
1490,-104.69359,39.76272,7797.6,385.6,-22.9,-52.8,6.2,17,251.2,.1,0,.4,.3
1500,-104.69125,39.76293,7842.8,383.3,-23.2,-52.7,6.6,18.5,249.8,.1,0,.4,.4
1510,-104.68868,39.76347,7888.7,380.9,-23.5,-52.4,7,17.5,249.8,.2,0,0,.2
1520,-104.68691,39.76396,7933.9,378.5,-23.9,-52.4,7,17.4,248.1,.1,0,0,.2
1530,-104.6853,39.76455,7982.1,376,-24.3,-52.3,7.7,16.7,251.4,.1,0,.4,.2
1540,-104.68369,39.76521,8028,373.6,-24.6,-51.5,8.7,16.8,251.1,.1,0,.3,.1
1550,-104.6818,39.76629,8072.5,371.4,-25,-51.1,9,16.6,247.4,0,0,0,.2
1560,-104.67997,39.76661,8120.4,368.9,-25.5,-51.1,9.5,17,245.3,.1,0,.4,.2
1570,-104.67765,39.76712,8166.9,366.6,-26,-51,10,17.5,245,.1,0,0,.2
1580,-104.67573,39.76722,8212.8,364.2,-26.4,-50.9,10.3,17.5,245.8,.1,0,.3,.2
1590,-104.67408,39.76712,8256,362.1,-26.8,-50.9,10.8,16.9,247.3,.1,0,.4,.2
1600,-104.67239,39.7673,8299,359.9,-27.2,-50.9,11.3,16.8,248.7,.1,0,.4,.1
1610,-104.6701,39.76777,8343.8,357.7,-27.7,-50.8,11.8,16.8,250.1,.1,0,.4,.2
1620,-104.66819,39.76846,8386.1,355.6,-28.1,-51,12,16.4,249.7,.1,0,0,.1
1630,-104.66627,39.76924,8426.1,353.6,-28.5,-51,12.6,16.1,250,0,0,.3,.2
1640,-104.66458,39.76985,8466.4,351.6,-28.8,-50.8,13.3,15.8,247.4,.1,0,.3,.2
1650,-104.66273,39.77095,8507.6,349.6,-29.2,-50.7,13.9,15.8,250.3,.1,0,.3,.2
1660,-104.66114,39.77183,8550.3,347.5,-29.6,-50.7,14.2,15.3,249,.1,0,.5,.2
1670,-104.6594,39.77221,8590.1,345.6,-30,-50.8,14.6,15.5,247.2,.1,.1,.3,.2
1680,-104.65784,39.7726,8629.3,343.7,-30.4,-50.9,15,14.6,247.2,.1,.1,0,.2
1690,-104.65627,39.77303,8667.9,341.8,-30.7,-50.9,15.6,13.9,246.9,.1,.1,.3,.2
1700,-104.65447,39.77342,8707.8,339.9,-31.1,-50.9,16.3,15,248.9,.1,0,.3,.3
1710,-104.65274,39.7742,8749.1,337.9,-31.5,-50.8,17.1,15.5,250.4,.1,0,.4,.2
1720,-104.65143,39.77456,8790.6,335.9,-31.9,-50.8,17.7,14.5,254.5,.1,0,.3,.2
1730,-104.64995,39.77461,8831.3,334,-32.2,-50.9,18,14.3,256,.1,0,0,.3
1740,-104.64804,39.77512,8870.6,332.1,-32.5,-51.1,18,15.6,254.6,0,0,0,.3
1750,-104.64599,39.77568,8912.7,330.2,-32.9,-51.2,18.6,16.4,253.9,0,.1,.3,.2
1760,-104.64333,39.77638,8955.4,328.2,-33.3,-51.3,19,16.8,255,.1,.1,0,.3
1770,-104.64091,39.77714,8997,326.2,-33.6,-51.7,18.7,17.7,255.1,.1,0,.3,.2
1780,-104.63913,39.77759,9038.2,324.3,-34,-52.2,18.3,17.1,254.3,.1,0,.3,.2
1790,-104.63701,39.77831,9079.9,322.4,-34.3,-52.7,18,16.9,248.4,.1,0,0,.2
1800,-104.63465,39.77873,9124,320.4,-34.7,-53.1,18,17.1,251.1,.1,0,0,.2
1810,-104.63257,39.77886,9166,318.4,-35.1,-53.4,18.2,17.8,254,.1,.1,.5,.2
1820,-104.63066,39.77908,9206.3,316.6,-35.4,-53.6,18.7,18.9,256.4,.1,0,.3,.2
1830,-104.62893,39.77928,9246.7,314.8,-35.8,-53.8,19,18.4,254.6,.1,0,0,.2
1840,-104.62724,39.7796,9287.1,312.9,-36.2,-54,19,17,255.1,0,0,0,.1
1850,-104.62563,39.77986,9328,311.1,-36.5,-54.4,19,17,256.3,0,0,0,.2
1860,-104.62422,39.78005,9369.7,309.2,-36.9,-54.7,19,16.7,257.1,.1,.1,0,.2
1870,-104.62287,39.78018,9411.7,307.4,-37.2,-55.1,19,16.3,258.6,.1,0,0,.2
1880,-104.62107,39.78025,9453,305.5,-37.6,-55.3,19.3,16.4,261.1,.1,0,.3,.2
1890,-104.6193,39.78043,9495.2,303.7,-38,-55.4,20,16.1,263.5,.1,0,.3,.2
1900,-104.61756,39.78054,9538.1,301.8,-38.4,-55.6,20.4,16.1,264.6,.1,0,.4,.2
1910,-104.61552,39.78075,9582.8,299.8,-38.8,-55.8,21,16.3,262.1,.1,0,.4,.2
1920,-104.613,39.78087,9627.3,297.9,-39.2,-55.8,21.8,16.3,261.2,.1,0,.3,.2
1930,-104.61103,39.78085,9675.1,295.8,-39.6,-56,22.2,16.7,264,.1,.1,.5,.2
1940,-104.60907,39.78077,9722.7,293.7,-40.1,-56.2,22.7,16,263.9,0,0,.3,.2
1950,-104.60692,39.7808,9770.4,291.7,-40.5,-56.5,23,16,266.5,0,0,0,.1
1960,-104.60456,39.78089,9818.3,289.6,-40.9,-56.8,23,16.2,266.8,.2,0,0,.1
1970,-104.60196,39.78185,9874.4,287.3,-41.3,-57.4,22.3,17.8,272.4,.1,0,.4,.2
1980,-104.59981,39.78211,9933.1,284.8,-41.7,-58.2,21.2,19.1,273.5,0,0,.3,.3
1990,-104.59745,39.78206,9990.7,282.4,-42.1,-59.1,19.9,20.5,273.9,.1,.1,.2,.4
2000,-104.59471,39.78103,10045,280.1,-42.5,-60.1,18.7,23.1,273.4,.1,.1,.4,.4
2010,-104.59225,39.78048,10100,277.8,-42.9,-61,18,22.5,272.3,.1,0,0,.2
2020,-104.58961,39.78033,10156.7,275.5,-43.5,-61.7,18,24.9,273.8,0,0,0,.3
2030,-104.58676,39.77988,10207,273.5,-43.9,-62.2,17.8,25.8,274.3,0,.1,.3,.4
2040,-104.58284,39.7796,10256.2,271.5,-44.1,-62.7,17.2,25.8,272.4,0,0,.3,.3
2050,-104.5793,39.77972,10303.7,269.5,-44.5,-63.3,16.8,25.9,270.7,.1,.1,.5,.2
2060,-104.57645,39.77997,10348.8,267.7,-44.8,-63.9,16.3,25.9,269.6,.1,0,.3,.2
2070,-104.57348,39.78012,10392.9,266,-45.2,-64.5,16,26.1,268.6,.1,0,0,.2
2080,-104.57016,39.78022,10435.7,264.3,-45.4,-65,15.5,26.2,266.3,0,0,.3,.2
2090,-104.56688,39.78043,10480,262.5,-45.7,-65.7,14.5,26.3,268.2,0,0,.4,.3
2100,-104.56287,39.78063,10522.4,260.8,-46,-66.7,13.4,27,267.7,.1,0,.5,.3
2110,-104.55987,39.78072,10564.6,259.2,-46.3,-67.6,12.6,27.5,265.5,.1,0,.4,.2
2120,-104.55644,39.78085,10609.1,257.5,-46.6,-68.4,11.9,27,264.3,.1,0,.3,.2
2130,-104.55301,39.78092,10652.7,255.8,-46.8,-69.2,11.3,26.7,264.7,.1,.1,.4,.2
2140,-104.55008,39.78118,10694.6,254.2,-46.9,-69.8,10.7,26.7,266.6,.1,.1,.3,.2
2150,-104.54711,39.78155,10737,252.5,-47.1,-70.4,10.2,26.6,268.5,0,0,.3,.2
2160,-104.5445,39.7816,10777.1,251,-47.2,-70.9,10,26.8,268.7,0,0,0,.1
2170,-104.5414,39.78177,10820.5,249.4,-47.5,-71.5,9.3,27.2,268.5,.1,.1,.3,.1
2180,-104.53751,39.78147,10864.3,247.7,-47.8,-72.2,9,27.6,268.3,.1,0,0,.2
2190,-104.53438,39.78141,10906.2,246.2,-48.1,-72.7,9,27.9,269.1,0,0,0,.2
2200,-104.53118,39.7816,10949.4,244.5,-48.3,-73,9,28.1,271,0,0,0,.2
2210,-104.52794,39.78163,10991.8,243,-48.4,-73.3,8.7,27.9,272,.1,.1,.3,.1
2220,-104.52417,39.78156,11034.9,241.4,-48.4,-73.8,8,28,272.3,0,0,.4,.2
2230,-104.52102,39.78096,11076.6,239.9,-48.5,-74.3,8,29,272.9,0,0,0,.2
2240,-104.51716,39.78057,11120.7,238.3,-48.6,-74.3,8,29.8,274.8,.1,0,0,.3
2250,-104.51346,39.78101,11165.2,236.7,-48.7,-74.8,7.5,28.9,273.9,.1,0,.3,.2
2260,-104.51064,39.78087,11209.1,235.1,-48.9,-75.5,7,28.2,273.8,.1,0,0,.1
2270,-104.50715,39.78063,11253.9,233.5,-49.2,-76,7,28.6,272.9,.1,0,0,.2
2280,-104.50413,39.78018,11297.7,231.9,-49.3,-76.2,7,30.2,272.7,.1,0,0,.3
2290,-104.50057,39.77989,11343.5,230.3,-49.5,-76.4,7,29.5,273.3,.1,.1,0,.2
2300,-104.49634,39.77946,11389.2,228.7,-49.8,-76.7,7,29.5,274.3,0,0,0,.2
2310,-104.49274,39.77892,11432.7,227.2,-50,-76.9,7,29.6,274.8,0,0,0,.1
2320,-104.48966,39.77855,11477.3,225.6,-50.1,-77.3,6.5,29.2,273.6,0,0,.3,.1
2330,-104.48627,39.77822,11524,224,-50.2,-78.1,6,29.3,275.6,.1,0,0,.2
2340,-104.48325,39.77805,11569.4,222.5,-50.3,-78.6,6,29.8,277.8,.1,0,0,.2
2350,-104.4799,39.77774,11613.7,221,-50.5,-78.7,6,29.6,278.6,0,0,0,.2
2360,-104.47595,39.77762,11658.7,219.4,-50.5,-78.8,6,29.1,278.7,.1,0,0,.2
2370,-104.47227,39.77725,11702.5,218,-50.5,-78.8,6,29.5,278.3,.1,.1,0,.2
2380,-104.46892,39.77715,11747.6,216.5,-50.7,-79.1,5.8,30,279.3,.1,0,.4,.2
2390,-104.46523,39.77663,11793.3,215,-51,-79.6,5.5,31.2,281.2,.1,0,.5,.2
2400,-104.46149,39.77665,11838.9,213.5,-51.1,-80.3,5.2,31.8,279.5,.1,0,.5,.2
2410,-104.45795,39.77608,11885.4,211.9,-51.1,-80.8,5,31.5,279.1,.1,0,0,.2
2420,-104.45445,39.775,11930.1,210.5,-51.1,-80.9,5,32.4,280.7,0,0,0,.4
2430,-104.45143,39.77438,11974.5,209.1,-51,-81.1,4.7,32.5,281.1,.1,0,.3,.3
2440,-104.44699,39.77404,12019.5,207.6,-51.1,-81.9,4.2,32,279.3,.1,0,.3,.3
2450,-104.44283,39.77361,12064.8,206.2,-51.2,-82.7,4,31.6,277.2,.1,.1,0,.2
2460,-104.43924,39.77356,12110.3,204.7,-51.1,-83.2,3.7,31.7,276.6,0,.1,.3,.2
2470,-104.43555,39.77346,12154.1,203.4,-51.1,-84,3.3,31.8,277.2,0,0,.3,.1
2480,-104.43132,39.77331,12197.9,202,-51,-84.9,3,31.4,277.5,0,0,0,.2
2490,-104.42796,39.77305,12243.6,200.6,-51,-85.6,2.7,32.7,279.5,.1,0,.3,.2
2500,-104.42371,39.77279,12288.4,199.2,-51.1,-86.8,2.2,32.8,279.8,.1,0,.3,.2
2510,-104.42039,39.77228,12332.3,197.9,-51,-88.1,2,32.7,278.3,.1,0,0,.2
2520,-104.41693,39.77164,12378.2,196.5,-51,-88.6,2,34,278.3,0,0,0,.2
2530,-104.41315,39.77075,12422.7,195.1,-51,-88.6,2,34.6,278.1,.1,0,0,.2
2540,-104.40887,39.76964,12465.6,193.8,-51.2,-89.4,1.7,35,278.7,0,0,.3,.2
2550,-104.40549,39.76872,12509.4,192.5,-51.2,-91.6,1.1,34.5,279.4,0,.1,.4,.2
2560,-104.40133,39.7687,12552.5,191.3,-51.1,-93.8,1,34.4,280.5,0,0,0,.2
2570,-104.3968,39.7686,12596.7,190,-51,-94.2,1,33.9,280.9,0,0,0,.3
2580,-104.39338,39.76824,12641.6,188.7,-50.9,-94.1,1,33.3,279.2,0,0,0,.3
2590,-104.38984,39.7685,12684.4,187.4,-50.9,-94.1,1,32.9,278,.1,.1,0,.2
2600,-104.38663,39.76842,12727.9,186.2,-51,-94.1,1,31.2,278,0,0,0,.3
2610,-104.38415,39.76811,12772.9,184.9,-51.2,-94.3,1,29.3,276.6,0,0,0,.2
2620,-104.38072,39.76836,12817.9,183.6,-51.2,-94.4,1,28.5,276.5,0,0,0,.3
2630,-104.37684,39.76826,12863.2,182.3,-51.3,-94.4,1,27.5,273.7,0,0,0,.2
2640,-104.37411,39.76739,12907,181.1,-51.3,-94.4,1,28.7,272.8,0,0,0,.2
2650,-104.37145,39.76657,12951.5,179.9,-51.5,-94.5,1,27.3,273.2,0,.1,0,.3
2660,-104.36877,39.76588,12996.5,178.6,-51.6,-94.7,1,28,273.6,0,.1,0,.2
2670,-104.36554,39.766,13042.3,177.4,-51.8,-94.9,1,28.3,273.4,0,0,0,.1
2680,-104.36183,39.76584,13089.2,176.1,-52,-95.1,1,28.2,275.4,0,0,0,.2
2690,-104.35797,39.7653,13133.6,174.9,-52.2,-95.2,1,30.1,276.4,.1,0,0,.3
2700,-104.35463,39.76492,13178.9,173.7,-52.5,-95.5,1,30.2,277.5,0,0,0,.3
2710,-104.35108,39.76414,13224.9,172.4,-52.8,-95.7,1,29.2,278.8,0,0,0,.2
2720,-104.34703,39.76358,13270.4,171.2,-52.9,-95.9,1,29.3,284.7,0,0,0,.3
2730,-104.34374,39.76327,13318.3,170,-53,-96,1,29.1,281.8,0,0,0,.2
2740,-104.34048,39.76217,13364.3,168.7,-53.1,-96.1,1,29.4,279.6,0,0,0,.2
2750,-104.33764,39.7612,13410.5,167.5,-53.3,-96.2,1,29.9,282.4,0,0,0,.2
2760,-104.33515,39.76081,13456.7,166.3,-53.4,-96.4,1,29.6,284.4,0,0,0,.2
2770,-104.33213,39.76001,13501.8,165.2,-53.6,-96.5,1,29.5,282.9,.1,.1,0,.2
2780,-104.32869,39.75944,13546.1,164,-53.6,-96.6,1,28.8,281.3,0,.1,0,.2
2790,-104.32576,39.75891,13590.9,162.9,-53.5,-96.6,1,28.6,282.7,0,0,0,.2
2800,-104.32234,39.75855,13636,161.8,-53.5,-96.5,1,27.8,285.9,0,0,0,.2
2810,-104.32032,39.75775,13679.5,160.7,-53.4,-96.5,1,25.3,286.3,0,.1,0,.3
2820,-104.3186,39.75674,13725.1,159.5,-53.5,-96.5,1,22.6,288.8,0,.1,0,.5
2830,-104.31641,39.75604,13770.4,158.4,-53.7,-96.6,1,18,295.2,.1,.1,0,.6
2840,-104.31423,39.75495,13813.1,157.4,-53.9,-96.8,1,17.9,291.9,0,0,0,.8
2850,-104.31214,39.75462,13858,156.3,-54.2,-97,1,21.6,286.1,0,0,0,.2
2860,-104.30964,39.75433,13905.9,155.1,-54.4,-97.3,1,21,286.8,0,.1,0,.2
2870,-104.30739,39.75433,13954,153.9,-54.7,-97.5,1,20.9,284.9,0,0,0,.2
2880,-104.30538,39.7544,13999.8,152.8,-55.1,-97.8,1,21,284.5,0,0,0,.2
2890,-104.30352,39.75466,14044.3,151.8,-55.4,-98.2,1,19.7,278.7,0,0,0,.2
2900,-104.30141,39.755,14087.9,150.7,-55.8,-98.5,1,19.4,277.8,0,0,0,.3
2910,-104.29995,39.75493,14130.5,149.7,-56.1,-98.8,1,17.4,274.1,0,0,0,.2
2920,-104.29753,39.75528,14175.9,148.7,-56.4,-99.1,1,17.2,271.7,0,0,0,.3
2930,-104.2951,39.75561,14221.4,147.6,-56.7,-99.4,1,18.1,262.6,0,0,0,.3
2940,-104.29371,39.75571,14264.2,146.6,-56.8,-99.6,1,18.1,254,0,0,0,.3
2950,-104.29165,39.75637,14306.2,145.6,-56.9,-99.7,1,18.1,253.2,0,0,0,.2
2960,-104.28862,39.75779,14350.6,144.6,-57.1,-99.9,1,19.2,255.3,0,0,0,.3
2970,-104.28578,39.75896,14395.4,143.6,-57.4,-100.1,1,20,253.5,0,0,0,.2
2980,-104.28257,39.75971,14439.1,142.6,-57.5,-100.3,1,20.6,254.8,0,0,0,.2
2990,-104.28038,39.75984,14482.6,141.6,-57.7,-100.4,1,23.4,256,.1,.1,0,.3
3000,-104.27854,39.76004,14525.3,140.7,-57.6,-100.5,1,23.9,255.6,0,.1,0,.4
3010,-104.27619,39.7603,14567.8,139.7,-57.3,-100.3,1,22.3,255.3,.1,.1,0,.2
3020,-104.2731,39.76081,14609.8,138.8,-57,-100,1,21.7,256.7,.1,0,0,.2
3030,-104.27092,39.76168,14651.9,137.9,-57,-99.9,1,21.5,256.9,.1,0,0,.1
3040,-104.26848,39.76263,14694.7,137,-56.8,-99.7,1,21.5,254.6,0,.1,0,.2
3050,-104.26685,39.76288,14738,136,-56.5,-99.5,1,21.1,252.7,0,.1,0,.2
3060,-104.26504,39.76354,14782.4,135.1,-56.4,-99.3,1,19.3,253.6,0,0,0,.3
3070,-104.26326,39.76393,14827,134.1,-56.5,-99.3,1,19,253.2,.1,0,0,.2
3080,-104.26068,39.76447,14871.6,133.2,-56.6,-99.4,1,18.2,252.7,0,0,0,.3
3090,-104.25826,39.76483,14916,132.3,-56.5,-99.4,1,20.6,253.4,0,0,0,.2
3100,-104.25529,39.76548,14959.6,131.4,-56.5,-99.4,1,21.3,252,.1,0,0,.2
3110,-104.25234,39.76666,15004.6,130.4,-56.5,-99.3,1,21.4,250.4,.1,0,0,.1
3120,-104.25016,39.76734,15050.2,129.5,-56.5,-99.4,1,20.4,251.2,0,.1,0,.1
3130,-104.24838,39.76771,15094,128.6,-56.7,-99.5,1,21,250.8,0,0,0,.1
3140,-104.24663,39.7681,15137.1,127.7,-56.9,-99.7,1,21.4,250.2,0,0,0,.3
3150,-104.24466,39.76855,15183.1,126.8,-57.2,-99.9,1,21.5,252.6,0,.1,0,.2
3160,-104.24215,39.76918,15231.1,125.8,-57.5,-100.2,1,21.3,252.9,0,.1,0,.2
3170,-104.24,39.76979,15280,124.9,-57.8,-100.5,1,21,255.5,0,0,0,.2
3180,-104.23806,39.77018,15327.6,123.9,-58,-100.7,1,20.5,257.5,0,.1,0,.3
3190,-104.23671,39.76986,15377,123,-58.1,-100.9,1,19.4,259.3,0,0,0,.2
3200,-104.23507,39.77001,15429.6,121.9,-58.2,-101,1,16.6,260.4,0,0,0,.4
3210,-104.23343,39.77043,15481.3,120.9,-58.3,-101,1,12.8,259.4,0,0,0,.4
3220,-104.2321,39.77143,15532.2,120,-58.5,-101.2,1,12.2,255.1,0,0,0,.5
3230,-104.23101,39.77218,15582.1,119,-58.7,-101.4,1,14.5,246.9,0,0,0,.3
3240,-104.23004,39.77247,15629.3,118.1,-58.9,-101.6,1,13.6,247.7,0,0,0,.4
3250,-104.22897,39.77271,15676.9,117.2,-59.1,-101.8,1,10.7,245.4,0,0,0,.2
3260,-104.22787,39.77329,15727.8,116.3,-59.4,-102,1,11.2,246.4,0,0,0,.3
3270,-104.22716,39.77352,15776.7,115.4,-59.7,-102.3,1,11,242.2,0,0,0,.2
3280,-104.22612,39.77367,15823.7,114.5,-60.1,-102.7,1,10.2,239.7,0,0,0,.3
3290,-104.22492,39.77397,15873.6,113.6,-60.4,-103,1,10.4,240.4,0,0,0,.3
3300,-104.22373,39.77406,15923.7,112.7,-60.8,-103.4,1,11.7,244.6,0,.1,0,.2
3310,-104.22218,39.77403,15971,111.8,-61,-103.6,1,11.2,248.7,.1,0,0,.2
3320,-104.22116,39.77393,16019.5,111,-61.1,-103.8,1,10.3,253.8,.1,0,0,.2
3330,-104.22001,39.77418,16070.4,110.1,-61.1,-103.8,1,11,257.8,0,.1,0,.2
3340,-104.21857,39.77441,16120.3,109.2,-61.3,-103.9,1,10.9,261,.1,0,0,.2
3350,-104.21702,39.77517,16171.6,108.3,-61.5,-104.1,1,10.7,259.4,.1,.1,0,.2
3360,-104.21588,39.77562,16228.1,107.3,-61.6,-104.3,1,11,263.3,0,.1,0,.2
3370,-104.21489,39.77624,16288.4,106.3,-61.9,-104.5,1,9.5,255.9,0,0,0,.3
3380,-104.21402,39.7773,16345.1,105.3,-62.3,-104.8,1,9.5,243.5,0,0,0,.3
3390,-104.21332,39.77794,16400.1,104.3,-62.7,-105.2,1,9.2,239.4,.1,0,0,.2
3400,-104.21252,39.77861,16453.9,103.4,-63.2,-105.7,1,9,233,0,0,0,.2
3410,-104.21195,39.77872,16502.4,102.6,-63.5,-106.1,1,8.5,225.1,0,0,0,.3
3420,-104.21129,39.779,16550,101.8,-63.7,-106.3,1,9.7,233.8,0,.1,0,.2
3430,-104.21055,39.77946,16597.2,101.1,-63.6,-106.3,1,10,232.3,0,0,0,.1
3440,-104.2101,39.78008,16643.2,100.3,-63.5,-106.3,1,9.6,229.1,888,888,888,.2
3450,-104.2097,39.78068,16691.2,99.5,-63.5,-106.2,1,9.4,226.5,0,0,0,.2
