Data Type/Direction:                       GLASS PROCESSED DATA, FileFormat 1/Ascending                                           
File Format/Version:                       EOL Sounding Format/1.0                                                                
Project Name/Platform:                     SoWMEX/TiMREX/NCAR GLASS                                                               
Launch Site:                               46692                                                                                  
Launch Location (lon,lat,alt):             121 26.04'E 121.434000, 25 00.00'N 25.000000,    11.00                                 
UTC Launch Time (y,m,d,h,m,s):             2008, 05, 21, 12:00:00                                                                 
Sonde Id/Sonde Type:                       970870/Meisei RS2-80                                                                   
Reference Launch Data Source/Time:         /unknown                                                                               
System Operator/Comments:                  /                                                                                      
Post Processing Comments:                  Aspen Version: humidity corrected with CDF day bias table and daytime heating corr:  0.000
/                                                                                                                                 
 Time   -- UTC  --   Press    Temp   Dewpt    RH     Uwind   Vwind   Wspd     Dir     dZ    GeoPoAlt     Lon         Lat      GPSA
  sec   hh mm   ss     mb      C       C       %      m/s     m/s     m/s     deg     m/s       m        deg         deg         m
------- -- -- ----- ------- ------- ------- ------- ------- ------- ------- ------- ------- -------- ----------- ----------- -----
   -1.0 11 59 59.00 1009.40   24.80   19.51   72.00   -1.58    0.28    1.60  100.00 -999.00    11.00  121.433998   25.000000  -999.00
   16.0 12  0 16.00 1007.83   23.95   20.17   79.41   -2.57    0.18    2.58   93.95    3.88    24.66  121.433784   25.000023  -999.00
   20.0 12  0 20.00 1005.34   23.77   19.99   79.38   -3.42    0.18    3.43   92.97    5.27    46.35  121.433662   25.000029  -999.00
   24.0 12  0 24.00 1002.33   23.57   19.79   79.35   -4.11    0.10    4.11   91.39    6.20    72.58  121.433517   25.000034  -999.00
   29.0 12  0 29.00  998.59   23.30   19.55   79.45   -4.51   -0.15    4.51   88.11    6.43   105.38  121.433304   25.000032  -999.00
   33.0 12  0 33.00  995.94   23.10   19.42   79.79   -4.59   -0.42    4.60   84.83    6.36   128.59  121.433121   25.000023  -999.00
   37.0 12  0 37.00  993.24   22.91   19.35   80.35   -4.60   -0.67    4.65   81.71    6.61   152.29  121.432938   25.000004  -999.00
   42.0 12  0 42.00  989.33   22.67   19.29   81.22   -4.70   -0.89    4.78   79.30    6.91   186.78  121.432709   24.999968  -999.00
   46.0 12  0 46.00  985.97   22.49   19.24   81.86   -4.82   -0.95    4.91   78.86    6.93   216.39  121.432518   24.999935  -999.00
   50.0 12  0 50.00  982.73   22.30   19.16   82.43 -999.00 -999.00 -999.00 -999.00    6.75   245.13 -999.000000 -999.000000  -999.00
   55.0 12  0 55.00  979.21   22.06   18.98   82.69 -999.00 -999.00 -999.00 -999.00    6.44   276.39 -999.000000 -999.000000  -999.00
   59.0 12  0 59.00  976.51   21.86   18.73   82.40   -4.97   -0.34    4.98   86.07    6.62   300.46  121.431892   24.999861  -999.00
   64.0 12  1  4.00  972.64   21.61   18.36   81.73   -4.99    0.05    4.99   90.52    7.08   334.99  121.431641   24.999853  -999.00
   68.0 12  1  8.00  969.28   21.44   18.15   81.50   -5.03    0.34    5.04   93.87    7.42   365.04  121.431442   24.999861  -999.00
   72.0 12  1 12.00  965.88   21.31   17.99   81.36   -5.07    0.64    5.11   97.16    7.56   395.59  121.431244   24.999878  -999.00
   77.0 12  1 17.00  961.73   21.17   17.86   81.40   -5.12    1.05    5.22  101.55    7.44   432.96  121.430992   24.999914  -999.00
   81.0 12  1 21.00  958.51   21.04   17.85   81.97   -5.11    1.40    5.30  105.28    7.19   462.04  121.430794   24.999960  -999.00
   85.0 12  1 25.00  955.36   20.88   17.81   82.57   -5.06    1.73    5.35  108.89    6.81   490.67  121.430588   25.000015  -999.00
   90.0 12  1 30.00  951.71   20.66   17.79   83.60   -4.89    2.06    5.31  112.89    6.17   523.82  121.430344   25.000101  -999.00
   94.0 12  1 34.00  949.15   20.48   17.74   84.29   -4.69    2.23    5.20  115.40    5.82   547.18  121.430153   25.000179  -999.00
   98.0 12  1 38.00  946.74   20.31   17.67   84.81   -4.53    2.30    5.07  116.90    5.75   569.17  121.429970   25.000261  -999.00
  103.0 12  1 43.00  943.63   20.13   17.59   85.29   -4.46    2.23    4.99  116.59    6.11   597.63  121.429749   25.000362  -999.00
  107.0 12  1 47.00  940.82   20.05   17.49   85.17   -4.53    2.11    4.99  115.01    6.62   623.44  121.429565   25.000443  -999.00
  112.0 12  1 52.00  936.99   20.00   17.34   84.67   -4.58    1.98    4.99  113.41    6.99   658.71  121.429344   25.000534  -999.00
  116.0 12  1 56.00  933.89   19.93   17.26   84.59   -4.48    1.99    4.90  113.90    7.02   687.38  121.429161   25.000607  -999.00
  120.0 12  2  0.00  930.88   19.80   17.12   84.51   -4.27    2.10    4.76  116.21    6.80   715.25  121.428993   25.000679  -999.00
  125.0 12  2  5.00  927.34   19.53   16.84   84.41   -3.97    2.36    4.62  120.65    6.47   748.13  121.428787   25.000780  -999.00
  129.0 12  2  9.00  924.67   19.28   16.61   84.51   -3.81    2.61    4.62  124.35    6.25   773.06  121.428635   25.000870  -999.00
  133.0 12  2 13.00  922.05   19.04   16.30   84.09   -3.75    2.85    4.72  127.23    6.15   797.49  121.428482   25.000969  -999.00
  138.0 12  2 18.00  918.74   18.76   15.94   83.64   -3.83    3.08    4.92  128.82    6.15   828.46  121.428291   25.001102  -999.00
  142.0 12  2 22.00  916.10   18.57   15.71   83.43   -4.01    3.15    5.10  128.16    6.17   853.25  121.428139   25.001215  -999.00
  146.0 12  2 26.00  913.50   18.37   15.52   83.46   -4.24    3.12    5.27  126.33    6.20   877.67  121.427979   25.001328  -999.00
  151.0 12  2 31.00  910.20   18.15   15.13   82.53   -4.49    2.97    5.38  123.46    6.24   908.73  121.427757   25.001467  -999.00
  155.0 12  2 35.00  907.52   18.00   14.71   81.05   -4.57    2.78    5.35  121.35    6.18   934.04  121.427582   25.001570  -999.00
  159.0 12  2 39.00  904.90   17.86   14.04   78.32   -4.52    2.57    5.20  119.62    6.05   958.78  121.427399   25.001665  -999.00
  164.0 12  2 44.00  901.78   17.74   12.91   73.28   -4.29    2.30    4.87  118.25    5.87   988.42  121.427177   25.001776  -999.00
  168.0 12  2 48.00  899.37   17.73   11.95   68.86   -3.98    2.12    4.51  118.09    5.76  1011.28  121.427017   25.001856  -999.00
  173.0 12  2 53.00  896.39   17.84   11.66   67.10   -3.52    1.97    4.03  119.20    5.70  1039.77  121.426834   25.001947  -999.00
  177.0 12  2 57.00  893.98   18.02   11.96   67.65   -3.18    1.92    3.71  121.12    5.64  1062.79  121.426697   25.002018  -999.00
  181.0 12  3  1.00  891.62   18.22   12.44   68.96   -2.91    1.94    3.50  123.73    5.55  1085.48  121.426582   25.002089  -999.00
  186.0 12  3  6.00  888.77   18.45   12.94   70.26   -2.68    2.05    3.38  127.32    5.47  1112.96  121.426437   25.002178  -999.00
  190.0 12  3 10.00  886.55   18.59   13.14   70.54   -2.57    2.15    3.35  129.87    5.48  1134.40  121.426338   25.002254  -999.00
  194.0 12  3 14.00  884.31   18.66   13.25   70.75   -2.52    2.24    3.37  131.71    5.59  1156.15  121.426231   25.002333  -999.00
  199.0 12  3 19.00  881.38   18.61   13.40   71.65   -2.50    2.30    3.40  132.60    5.74  1184.71  121.426109   25.002436  -999.00
  203.0 12  3 23.00  878.98   18.48   13.34   71.98   -2.53    2.27    3.40  131.95    5.79  1208.11  121.426010   25.002518  -999.00
  207.0 12  3 27.00  876.60   18.33   13.26   72.28   -2.58    2.16    3.37  130.04    5.75  1231.41  121.425911   25.002600  -999.00
  212.0 12  3 32.00  873.70   18.13   13.23   73.02   -2.71    2.02    3.39  126.73    5.58  1259.81  121.425781   25.002693  -999.00
  216.0 12  3 36.00  871.47   17.98   13.13   73.26   -2.91    1.99    3.53  124.34    5.44  1281.78  121.425667   25.002766  -999.00
  220.0 12  3 40.00  869.30   17.85   13.02   73.32   -3.19    2.07    3.80  122.94    5.33  1303.12  121.425545   25.002838  -999.00
  225.0 12  3 45.00  866.64   17.72   12.86   73.18   -3.57    2.28    4.24  122.57    5.29  1329.40  121.425377   25.002937  -999.00
  229.0 12  3 49.00  864.50   17.64   12.75   73.00   -3.82    2.50    4.57  123.18    5.29  1350.52  121.425232   25.003023  -999.00
  234.0 12  3 54.00  861.79   17.58   12.73   73.17   -4.01    2.78    4.88  124.68    5.29  1377.39  121.425041   25.003141  -999.00
  238.0 12  3 58.00  859.64   17.53   12.79   73.72   -4.07    2.96    5.03  126.05    5.29  1398.83  121.424881   25.003246  -999.00
  242.0 12  4  2.00  857.56   17.47   12.91   74.57   -4.04    3.08    5.08  127.29    5.32  1419.52  121.424721   25.003355  -999.00
  247.0 12  4  7.00  854.92   17.37   12.95   75.22   -3.90    3.14    5.01  128.81    5.53  1445.92  121.424522   25.003494  -999.00
  251.0 12  4 11.00  852.64   17.30   12.91   75.38   -3.73    3.19    4.91  130.53    5.70  1468.79  121.424370   25.003611  -999.00
  255.0 12  4 15.00  850.30   17.22   12.83   75.35   -3.51    3.30    4.82  133.16    5.79  1492.26  121.424225   25.003727  -999.00
  260.0 12  4 20.00  847.42   17.11   12.73   75.41   -3.22    3.54    4.78  137.75    5.73  1521.24  121.424057   25.003881  -999.00
  264.0 12  4 24.00  845.17   17.00   12.69   75.71   -2.98    3.80    4.83  141.90    5.58  1544.04  121.423935   25.004013  -999.00
  268.0 12  4 28.00  842.98   16.87   12.73   76.52   -2.77    4.10    4.95  145.92    5.42  1566.15  121.423820   25.004156  -999.00
  273.0 12  4 33.00  840.40   16.64   12.72   77.60   -2.58    4.49    5.18  150.10    5.32  1592.34  121.423691   25.004351  -999.00
  277.0 12  4 37.00  838.33   16.44   12.72   78.63   -2.49    4.76    5.37  152.42    5.41  1613.35  121.423592   25.004517  -999.00
  281.0 12  4 41.00  836.16   16.27   12.75   79.65   -2.45    4.97    5.54  153.70    5.56  1635.44  121.423492   25.004692  -999.00
  286.0 12  4 46.00  833.36   16.09   12.73   80.43   -2.44    5.10    5.65  154.40    5.75  1664.01  121.423370   25.004919  -999.00
  290.0 12  4 50.00  831.09   15.96   12.71   80.99   -2.37    5.09    5.62  155.07    5.88  1687.28  121.423279   25.005104  -999.00
  295.0 12  4 55.00  828.20   15.79   12.71   81.89   -2.09    4.95    5.37  157.07    5.99  1716.90  121.423164   25.005329  -999.00
  299.0 12  4 59.00  825.86   15.63   12.73   82.86   -1.72    4.76    5.07  160.13    6.03  1741.01  121.423088   25.005507  -999.00
  303.0 12  5  3.00  823.50   15.49   12.80   83.99   -1.23    4.57    4.73  164.87    6.04  1765.36  121.423035   25.005674  -999.00
  308.0 12  5  8.00  820.59   15.33   12.96   85.74   -0.50    4.37    4.40  173.45    5.99  1795.47  121.422989   25.005877  -999.00
  312.0 12  5 12.00  818.31   15.19   13.06   87.09    0.13    4.26    4.27  181.80    5.97  1819.15  121.422981   25.006033  -999.00
  316.0 12  5 16.00  816.02   15.04   13.13   88.33    0.76    4.19    4.26  190.32    5.98  1842.91  121.422997   25.006186  -999.00
  321.0 12  5 21.00  813.13   14.82   13.16   89.77    1.48    4.14    4.39  199.62    6.00  1873.00  121.423058   25.006372  -999.00
  325.0 12  5 25.00  810.81   14.65   13.21   91.03    1.96    4.13    4.58  205.42    6.02  1897.29  121.423119   25.006521  -999.00
  329.0 12  5 29.00  808.50   14.49   13.17   91.77    2.37    4.17    4.80  209.65    6.04  1921.44  121.423210   25.006672  -999.00
  334.0 12  5 34.00  805.65   14.28   13.17   92.98    2.79    4.26    5.09  213.18    6.17  1951.38  121.423332   25.006863  -999.00
  338.0 12  5 38.00  803.29   14.09   13.12   93.82    3.15    4.32    5.35  216.15    6.39  1976.27  121.423454   25.007017  -999.00
  342.0 12  5 42.00  800.81   13.89   13.01   94.37    3.68    4.29    5.66  220.62    6.57  2002.44  121.423592   25.007174  -999.00
  347.0 12  5 47.00  797.62   13.62   12.94   95.60    4.66    4.11    6.21  228.60    6.71  2036.20  121.423798   25.007362  -999.00
  351.0 12  5 51.00  795.07   13.41   12.89   96.60    5.51    3.90    6.75  234.72    6.72  2063.26  121.423996   25.007507  -999.00
  356.0 12  5 56.00  791.96   13.18   12.82   97.67    6.37    3.71    7.37  239.79    6.73  2096.41  121.424294   25.007677  -999.00
  360.0 12  6  0.00  789.45   13.00   12.76   98.41    6.75    3.67    7.68  241.46    6.80  2123.12  121.424553   25.007813  -999.00
  364.0 12  6  4.00  786.90   12.84   12.66   98.80    6.88    3.71    7.82  241.64    6.86  2150.48  121.424820   25.007944  -999.00
  369.0 12  6  9.00  783.67   12.66   12.54   99.18    6.77    3.84    7.78  240.43    6.87  2185.13  121.425156   25.008116  -999.00
  373.0 12  6 13.00  781.11   12.52   12.44   99.45    6.54    3.96    7.65  238.79    6.76  2212.66  121.425423   25.008257  -999.00
  377.0 12  6 17.00  778.63   12.38   12.34   99.68    6.28    4.07    7.48  237.05    6.58  2239.48  121.425674   25.008402  -999.00
  382.0 12  6 22.00  775.65   12.22   12.22   99.96    6.03    4.13    7.31  235.63    6.32  2271.75  121.425980   25.008587  -999.00
  386.0 12  6 26.00  773.36   12.11   12.12  100.00    5.95    4.12    7.24  235.26    6.19  2296.61  121.426216   25.008736  -999.00
  390.0 12  6 30.00  771.12   12.01   12.02  100.00    5.93    4.17    7.25  234.87    6.18  2320.92  121.426453   25.008884  -999.00
  395.0 12  6 35.00  768.32   11.89   11.90  100.00    5.96    4.44    7.43  233.31    6.34  2351.58  121.426750   25.009081  -999.00
  399.0 12  6 39.00  765.94   11.78   11.79  100.00    6.00    4.83    7.70  231.16    6.55  2377.64  121.426987   25.009247  -999.00
  404.0 12  6 44.00  762.87   11.62   11.63  100.00    6.08    5.37    8.11  228.51    6.64  2411.29  121.427284   25.009478  -999.00
  408.0 12  6 48.00  760.48   11.48   11.49  100.00    6.17    5.73    8.42  227.10    6.58  2437.66  121.427528   25.009678  -999.00
  412.0 12  6 52.00  758.11   11.34   11.34  100.00    6.27    5.98    8.66  226.38    6.40  2463.83  121.427773   25.009890  -999.00
  417.0 12  6 57.00  755.21   11.19   11.19  100.00    6.36    6.15    8.85  226.00    6.08  2495.99  121.428085   25.010162  -999.00
  421.0 12  7  1.00  753.10   11.07   11.07  100.00    6.37    6.19    8.89  225.82    5.85  2519.40  121.428337   25.010386  -999.00
  425.0 12  7  5.00  751.12   10.97   10.97  100.00    6.33    6.17    8.84  225.72    5.92  2541.44  121.428589   25.010609  -999.00
  430.0 12  7 10.00  748.47   10.83   10.83  100.00    6.25    6.05    8.70  225.92    6.34  2571.06  121.428902   25.010885  -999.00
  434.0 12  7 14.00  746.08   10.72   10.72  100.00    6.20    5.89    8.55  226.47    6.70  2597.81  121.429146   25.011101  -999.00
  438.0 12  7 18.00  743.50   10.59   10.59  100.00    6.16    5.73    8.41  227.09    6.83  2626.79  121.429398   25.011311  -999.00
  443.0 12  7 23.00  740.46   10.43   10.43  100.00    6.09    5.67    8.32  227.08    6.48  2660.94  121.429695   25.011566  -999.00
  447.0 12  7 27.00  738.34   10.31   10.31  100.00    6.01    5.83    8.37  225.86    6.18  2684.94  121.429939   25.011774  -999.00
  452.0 12  7 32.00  735.73   10.16   10.16  100.00    5.90    6.27    8.61  223.30    5.92  2714.46  121.430229   25.012049  -999.00
  456.0 12  7 36.00  733.62   10.04   10.04  100.00    5.88    6.71    8.92  221.21    5.84  2738.41  121.430466   25.012281  -999.00
  460.0 12  7 40.00  731.54    9.92    9.92  100.00    5.95    7.16    9.31  219.69    5.85  2762.09  121.430702   25.012533  -999.00
  465.0 12  7 45.00  728.98    9.76    9.75   99.89    6.15    7.59    9.77  219.01    5.97  2791.36  121.431000   25.012865  -999.00
  469.0 12  7 49.00  726.91    9.61    9.54   99.52    6.39    7.70   10.01  219.69    6.20  2815.09  121.431252   25.013142  -999.00
  473.0 12  7 53.00  724.71    9.44    9.25   98.72    6.66    7.52   10.05  221.54    6.56  2840.29  121.431503   25.013416  -999.00
  478.0 12  7 58.00  721.76    9.18    8.71   96.83    6.98    7.06    9.92  224.68    6.87  2874.26  121.431847   25.013746  -999.00
  482.0 12  8  2.00  719.30    8.89    8.08   94.64    7.14    6.67    9.77  226.92    6.94  2902.60  121.432121   25.013994  -999.00
  486.0 12  8  6.00  716.88    8.60    7.46   92.51    7.17    6.41    9.62  228.21    6.76  2930.56  121.432411   25.014231  -999.00
  491.0 12  8 11.00  714.06    8.28    6.86   90.76    7.11    6.22    9.45  228.80    6.36  2963.19  121.432762   25.014515  -999.00
  495.0 12  8 15.00  711.95    8.09    6.43   89.27    7.05    6.14    9.34  228.95    6.01  2987.77  121.433044   25.014738  -999.00
  499.0 12  8 19.00  709.92    7.94    6.20   88.78    7.03    6.07    9.29  229.21    5.75  3011.31  121.433319   25.014957  -999.00
  504.0 12  8 24.00  707.54    7.81    5.98   88.19    7.09    5.98    9.28  229.85    5.61  3039.12  121.433670   25.015230  -999.00
  508.0 12  8 28.00  705.65    7.73    5.94   88.45    7.20    5.90    9.31  230.68    5.68  3061.15  121.433952   25.015446  -999.00
  513.0 12  8 33.00  703.15    7.65    6.00   89.26    7.40    5.77    9.39  232.06    5.87  3090.53  121.434319   25.015709  -999.00
  517.0 12  8 37.00  701.09    7.62    6.14   90.31    7.55    5.65    9.43  233.18    5.99  3114.71  121.434608   25.015915  -999.00
  521.0 12  8 41.00  699.06    7.60    6.25   91.14    7.63    5.53    9.43  234.07    6.09  3138.68  121.434914   25.016115  -999.00
  526.0 12  8 46.00  696.48    7.56    6.38   92.21    7.61    5.38    9.32  234.73    6.23  3169.19  121.435287   25.016361  -999.00
  530.0 12  8 50.00  694.37    7.49    6.33   92.37    7.52    5.27    9.18  235.00    6.32  3194.32  121.435593   25.016556  -999.00
  534.0 12  8 54.00  692.23    7.36    6.21   92.40    7.41    5.16    9.03  235.14    6.38  3219.84  121.435883   25.016743  -999.00
  539.0 12  8 59.00  689.54    7.16    6.01   92.38    7.28    5.11    8.90  234.93    6.31  3251.94  121.436249   25.016975  -999.00
  543.0 12  9  3.00  687.41    7.02    5.92   92.72    7.24    5.28    8.96  233.91    6.19  3277.40  121.436539   25.017162  -999.00
  547.0 12  9  7.00  685.38    6.90    5.82   92.85    7.28    5.74    9.27  231.74    6.06  3301.77  121.436829   25.017361  -999.00
  552.0 12  9 12.00  682.95    6.75    5.73   93.20    7.43    6.70   10.00  227.97    6.13  3330.99  121.437187   25.017641  -999.00
  556.0 12  9 16.00  680.90    6.63    5.61   93.20    7.57    7.55   10.69  225.08    6.38  3355.77  121.437485   25.017899  -999.00
  561.0 12  9 21.00  678.16    6.46    5.42   93.08    7.70    8.44   11.42  222.40    6.63  3388.97  121.437866   25.018259  -999.00
  565.0 12  9 25.00  675.94    6.34    5.32   93.21    7.72    8.85   11.75  221.11    6.72  3415.98  121.438171   25.018572  -999.00
  569.0 12  9 29.00  673.72    6.25    5.32   93.79    7.65    8.93   11.76  220.60    6.65  3442.92  121.438477   25.018892  -999.00
  574.0 12  9 34.00  671.02    6.20    5.37   94.42    7.42    8.48   11.27  221.19    6.43  3475.96  121.438850   25.019285  -999.00
  578.0 12  9 38.00  668.97    6.16    5.44   95.15    7.18    7.80   10.60  222.62    6.22  3501.12  121.439140   25.019581  -999.00
  582.0 12  9 42.00  667.01    6.10    5.47   95.76    6.99    7.06    9.93  224.70    6.11  3525.27  121.439415   25.019848  -999.00
  587.0 12  9 47.00  664.55    5.97    5.38   95.99    6.96    6.36    9.43  227.60    6.16  3555.55  121.439766   25.020151  -999.00
  591.0 12  9 51.00  662.54    5.84    5.24   95.91    7.14    6.06    9.37  229.70    6.32  3580.45  121.440041   25.020374  -999.00
  595.0 12  9 55.00  660.47    5.70    5.07   95.76    7.49    5.99    9.59  231.33    6.48  3606.11  121.440331   25.020594  -999.00
  600.0 12 10  0.00  657.82    5.52    4.88   95.66    8.12    6.23   10.23  232.51    6.58  3639.12  121.440720   25.020868  -999.00
  604.0 12 10  4.00  655.68    5.38    4.74   95.67    8.66    6.57   10.87  232.81    6.53  3665.78  121.441055   25.021099  -999.00
  609.0 12 10  9.00  653.11    5.19    4.54   95.60    9.17    7.02   11.54  232.56    6.34  3697.98  121.441498   25.021406  -999.00
  613.0 12 10 13.00  651.14    5.03    4.35   95.39    9.30    7.26   11.80  232.01    6.19  3722.74  121.441856   25.021664  -999.00
  617.0 12 10 17.00  649.20    4.88    4.19   95.29    9.23    7.34   11.79  231.52    6.07  3747.15  121.442223   25.021929  -999.00
  622.0 12 10 22.00  646.79    4.69    3.91   94.73    9.00    7.12   11.48  231.64    6.00  3777.48  121.442680   25.022255  -999.00
  626.0 12 10 26.00  644.88    4.54    3.76   94.70    8.79    6.68   11.04  232.75    6.04  3801.65  121.443031   25.022505  -999.00
  630.0 12 10 30.00  642.98    4.41    3.59   94.45    8.58    6.10   10.53  234.59    6.19  3825.72  121.443375   25.022734  -999.00
  635.0 12 10 35.00  640.55    4.26    3.45   94.48    8.36    5.36    9.93  237.33    6.56  3856.71  121.443794   25.022993  -999.00
  639.0 12 10 39.00  638.41    4.13    3.36   94.76    8.23    4.88    9.57  239.32    6.92  3883.95  121.444122   25.023178  -999.00
  643.0 12 10 43.00  636.15    3.99    3.23   94.82    8.13    4.55    9.32  240.73    7.11  3912.82  121.444450   25.023350  -999.00
  648.0 12 10 48.00  633.35    3.82    3.15   95.44    8.03    4.42    9.17  241.18    7.08  3948.84  121.444847   25.023552  -999.00
  652.0 12 10 52.00  631.18    3.68    3.05   95.66    7.99    4.57    9.20  240.24    6.86  3976.71  121.445168   25.023712  -999.00
  657.0 12 10 57.00  628.61    3.49    2.95   96.28    8.02    5.08    9.49  237.62    6.56  4010.00  121.445564   25.023932  -999.00
  661.0 12 11  1.00  626.62    3.34    2.83   96.53    8.16    5.77    9.99  234.72    6.37  4035.69  121.445885   25.024126  -999.00
  665.0 12 11  5.00  624.69    3.18    2.72   96.82    8.40    6.67   10.72  231.56    6.26  4060.83  121.446213   25.024351  -999.00
  670.0 12 11 10.00  622.31    2.99    2.53   96.86    8.75    7.91   11.79  227.89    6.22  4091.85  121.446632   25.024681  -999.00
  674.0 12 11 14.00  620.40    2.84    2.34   96.54    8.98    8.87   12.62  225.38    6.27  4116.79  121.446983   25.024982  -999.00
  678.0 12 11 18.00  618.46    2.68    2.12   96.13    9.11    9.65   13.27  223.34    6.34  4142.13  121.447342   25.025318  -999.00
  683.0 12 11 23.00  616.03    2.44    1.77   95.42    9.01   10.17   13.59  221.54    6.39  4174.08  121.447792   25.025764  -999.00
  687.0 12 11 27.00  614.08    2.24    1.51   94.96    8.66   10.04   13.26  220.80    6.42  4199.69  121.448143   25.026131  -999.00
  691.0 12 11 31.00  612.14    2.05    1.28   94.67    8.10    9.42   12.42  220.67    6.42  4225.37  121.448479   25.026482  -999.00
  696.0 12 11 36.00  609.71    1.85    0.97   93.92    7.27    8.28   11.02  221.26    6.41  4257.52  121.448853   25.026880  -999.00
  700.0 12 11 40.00  607.78    1.70    0.79   93.72    6.66    7.33    9.91  222.27    6.41  4283.19  121.449135   25.027163  -999.00
  705.0 12 11 45.00  605.36    1.51    0.59   93.64    6.15    6.39    8.87  223.91    6.44  4315.29  121.449448   25.027473  -999.00
  709.0 12 11 49.00  603.43    1.37    0.45   93.64    6.02    6.03    8.52  224.97    6.51  4341.09  121.449692   25.027697  -999.00
  713.0 12 11 53.00  601.48    1.24    0.30   93.52    6.23    6.18    8.77  225.21    6.63  4367.19  121.449936   25.027918  -999.00
  718.0 12 11 58.00  598.99    1.10    0.26   94.20    6.86    7.05    9.84  224.23    6.80  4400.68  121.450256   25.028215  -999.00
  722.0 12 12  2.00  596.93    1.00    0.19   94.39    7.52    8.12   11.06  222.82    6.91  4428.47  121.450546   25.028490  -999.00
  726.0 12 12  6.00  594.85    0.92    0.15   94.65    8.17    9.36   12.42  221.14    6.93  4456.52  121.450851   25.028805  -999.00
  731.0 12 12 11.00  592.31    0.85    0.16   95.25    8.82   10.89   14.01  219.00    6.95  4491.01  121.451279   25.029263  -999.00
  735.0 12 12 15.00  590.29    0.82    0.27   96.22    9.09   11.88   14.96  217.43    7.00  4518.52  121.451630   25.029673  -999.00
  740.0 12 12 20.00  587.73    0.79    0.32   96.77    9.00   12.53   15.43  215.68    7.09  4553.49  121.452080   25.030224  -999.00
  744.0 12 12 24.00  585.64    0.64    0.13   96.48    8.61   12.52   15.19  214.51    7.13  4582.16  121.452431   25.030676  -999.00
  748.0 12 12 28.00  583.55    0.40   -0.19   95.89    8.01   12.02   14.45  213.67    7.01  4610.86  121.452759   25.031120  -999.00
  753.0 12 12 33.00  581.05    0.13   -0.56   95.23    7.08   10.77   12.89  213.33    6.66  4645.45  121.453133   25.031633  -999.00
  757.0 12 12 37.00  579.16    0.02   -0.67   95.20    6.35    9.54   11.46  213.67    6.23  4671.50  121.453400   25.032001  -999.00
  761.0 12 12 41.00  577.41    0.03   -0.59   95.68    5.79    8.43   10.22  214.49    5.87  4695.78  121.453636   25.032326  -999.00
  766.0 12 12 46.00  575.41    0.08   -0.40   96.64    5.49    7.58    9.36  215.89    5.63  4723.65  121.453918   25.032686  -999.00
  770.0 12 12 50.00  573.85    0.07   -0.36   97.05    5.54    7.40    9.24  216.84    5.77  4745.47  121.454132   25.032957  -999.00
  774.0 12 12 54.00  572.16    0.00   -0.39   97.31    5.80    7.63    9.59  217.22    6.10  4769.18  121.454361   25.033228  -999.00
  779.0 12 12 59.00  569.87   -0.16   -0.57   97.32    6.31    8.45   10.55  216.75    6.47  4801.36  121.454659   25.033590  -999.00
  783.0 12 13  3.00  567.98   -0.31   -0.74   97.30    6.77    9.32   11.52  215.99    6.66  4828.01  121.454918   25.033913  -999.00
  788.0 12 13  8.00  565.60   -0.52   -0.98   97.30    7.26   10.36   12.65  215.01    6.69  4861.61  121.455269   25.034355  -999.00
  792.0 12 13 12.00  563.72   -0.70   -1.18   97.30    7.50   10.97   13.29  214.38    6.66  4888.28  121.455559   25.034740  -999.00
  796.0 12 13 16.00  561.87   -0.89   -1.41   97.24    7.64   11.33   13.67  213.99    6.62  4914.55  121.455856   25.035145  -999.00
  801.0 12 13 21.00  559.57   -1.12   -1.70   97.00    7.70   11.41   13.77  214.02    6.67  4947.40  121.456238   25.035658  -999.00
  805.0 12 13 25.00  557.69   -1.26   -1.85   97.03    7.70   11.19   13.58  214.53    6.75  4974.34  121.456543   25.036064  -999.00
  809.0 12 13 29.00  555.78   -1.38   -2.02   96.78    7.68   10.80   13.25  215.39    6.80  5001.64  121.456848   25.036463  -999.00
  814.0 12 13 34.00  553.41   -1.46   -2.13   96.67    7.68   10.25   12.81  216.84    6.81  5035.76  121.457230   25.036938  -999.00
  818.0 12 13 38.00  551.53   -1.51   -2.19   96.67    7.71    9.82   12.49  218.16    6.75  5062.94  121.457535   25.037300  -999.00
  822.0 12 13 42.00  549.68   -1.53   -2.21   96.69    7.74    9.39   12.17  219.51    6.67  5089.85  121.457840   25.037645  -999.00
  827.0 12 13 47.00  547.41   -1.47   -2.12   96.80    7.70    8.83   11.71  221.09    6.53  5122.83  121.458221   25.038057  -999.00
  831.0 12 13 51.00  545.64   -1.44   -2.06   97.01    7.60    8.40   11.33  222.13    6.43  5148.72  121.458527   25.038368  -999.00
  836.0 12 13 56.00  543.46   -1.56   -2.18   97.09    7.45    8.02   10.95  222.89    6.35  5180.66  121.458900   25.038738  -999.00
  840.0 12 14  0.00  541.74   -1.79   -2.41   97.36    7.36    7.94   10.82  222.85    6.33  5205.85  121.459190   25.039026  -999.00
  844.0 12 14  4.00  540.04   -2.08   -2.71   97.49    7.34    8.05   10.89  222.36    6.34  5230.96  121.459480   25.039316  -999.00
  849.0 12 14  9.00  537.87   -2.40   -3.07   97.53    7.47    8.37   11.22  221.73    6.37  5263.02  121.459846   25.039686  -999.00
  853.0 12 14 13.00  536.13   -2.57   -3.26   97.54    7.74    8.70   11.65  221.67    6.32  5288.81  121.460152   25.039995  -999.00
  857.0 12 14 17.00  534.44   -2.70   -3.41   97.55    8.14    9.04   12.17  221.98    6.26  5313.89  121.460464   25.040316  -999.00
  862.0 12 14 22.00  532.36   -2.85   -3.57   97.56    8.69    9.48   12.86  222.52    6.25  5344.76  121.460884   25.040733  -999.00
  866.0 12 14 26.00  530.69   -2.99   -3.73   97.57    9.09    9.81   13.37  222.81    6.29  5369.68  121.461235   25.041082  -999.00
  871.0 12 14 31.00  528.57   -3.18   -3.94   97.60    9.43   10.13   13.84  222.94    6.41  5401.51  121.461693   25.041533  -999.00
  875.0 12 14 35.00  526.84   -3.35   -4.13   97.62    9.51   10.24   13.98  222.88    6.47  5427.40  121.462067   25.041901  -999.00
  879.0 12 14 39.00  525.12   -3.53   -4.33   97.64    9.39   10.18   13.85  222.68    6.48  5453.29  121.462440   25.042269  -999.00
  884.0 12 14 44.00  522.98   -3.78   -4.60   97.67    9.03    9.91   13.41  222.33    6.42  5485.65  121.462898   25.042723  -999.00
  888.0 12 14 48.00  521.28   -4.01   -4.86   97.70    8.70    9.64   12.99  222.07    6.31  5511.43  121.463249   25.043076  -999.00
  892.0 12 14 52.00  519.63   -4.23   -5.10   97.73    8.44    9.41   12.64  221.91    6.15  5536.48  121.463593   25.043419  -999.00
  897.0 12 14 57.00  517.65   -4.44   -5.33   97.76    8.28    9.26   12.42  221.82    6.05  5566.55  121.464005   25.043840  -999.00
  901.0 12 15  1.00  516.09   -4.57   -5.48   97.77 -999.00 -999.00 -999.00 -999.00    6.08  5590.38 -999.000000 -999.000000  -999.00
  906.0 12 15  6.00  514.10   -4.65   -5.57   97.78 -999.00 -999.00 -999.00 -999.00    6.20  5620.92 -999.000000 -999.000000  -999.00
  910.0 12 15 10.00  512.44   -4.67   -5.59   97.81    8.98   10.02   13.45  221.88    6.27  5646.34  121.465118   25.044971  -999.00
  914.0 12 15 14.00  510.79   -4.70   -5.61   97.85    9.43   10.25   13.92  222.61    6.24  5671.86  121.465485   25.045338  -999.00
  919.0 12 15 19.00  508.78   -4.80   -5.72   97.88   10.00   10.21   14.29  224.42    6.15  5702.86  121.465965   25.045799  -999.00
  923.0 12 15 23.00  507.22   -4.98   -5.93   97.81   10.42    9.95   14.40  226.32    6.09  5727.00  121.466370   25.046164  -999.00
  927.0 12 15 27.00  505.68   -5.25   -6.28   97.52   10.72    9.54   14.35  228.36    6.14  5751.06  121.466789   25.046515  -999.00
  932.0 12 15 32.00  503.68   -5.69   -6.81   97.23   10.91    8.91   14.09  230.75    6.31  5782.11  121.467323   25.046930  -999.00
  936.0 12 15 36.00  502.03   -5.98   -7.16   97.03   10.92    8.43   13.80  232.32    6.46  5807.88  121.467758   25.047243  -999.00
  941.0 12 15 41.00  499.92   -6.11   -7.31   96.97   10.78    7.99   13.42  233.46    6.63  5840.92  121.468292   25.047615  -999.00
  945.0 12 15 45.00  498.22   -6.12   -7.32   97.02   10.58    7.80   13.15  233.61    6.74  5867.57  121.468719   25.047899  -999.00
  949.0 12 15 49.00  496.52   -6.14   -7.35   96.92   10.37    7.70   12.92  233.40    6.88  5894.45  121.469131   25.048180  -999.00
  954.0 12 15 54.00  494.32   -6.26   -7.44   97.28   10.15    7.61   12.68  233.15    7.04  5929.16  121.469643   25.048525  -999.00
  958.0 12 15 58.00  492.52   -6.43   -7.66   97.07   10.03    7.51   12.53  233.19    7.09  5957.75  121.470039   25.048798  -999.00
  962.0 12 16  2.00  490.71   -6.64   -7.91   96.93    9.97    7.39   12.41  233.44    7.03  5986.49  121.470436   25.049067  -999.00
  967.0 12 16  7.00  488.54   -6.90   -8.32   96.06 -999.00 -999.00 -999.00 -999.00    6.80  6021.22 -999.000000 -999.000000  -999.00
  971.0 12 16 11.00  486.89   -7.08   -8.57   95.68    9.96    7.10   12.23  234.52    6.64  6047.57  121.471329   25.049656  -999.00
  976.0 12 16 16.00  484.86   -7.28   -8.97   94.38   10.05    6.96   12.22  235.30    6.53  6080.22  121.471825   25.049973  -999.00
  980.0 12 16 20.00  483.23   -7.45   -9.24   93.75   10.18    6.89   12.29  235.94    6.49  6106.48  121.472221   25.050222  -999.00
  984.0 12 16 24.00  481.62   -7.65   -9.67   92.24   10.31    6.83   12.36  236.48    6.50  6132.54  121.472626   25.050470  -999.00
  989.0 12 16 29.00  479.61   -7.97  -10.26   90.57   10.25    6.70   12.25  236.84    6.59  6165.06  121.473137   25.050776  -999.00
  993.0 12 16 33.00  477.99   -8.28  -10.86   88.71    9.90    6.49   11.84  236.74    6.71  6191.43  121.473534   25.051014  -999.00
  997.0 12 16 37.00  476.32   -8.61  -11.48   86.93    9.32    6.20   11.19  236.34    6.88  6218.52  121.473915   25.051243  -999.00
 1002.0 12 16 42.00  474.18   -8.98  -12.35   83.77    8.47    5.79   10.26  235.66    6.99  6253.47  121.474358   25.051514  -999.00
 1006.0 12 16 46.00  472.45   -9.17  -12.95   81.13    7.86    5.45    9.56  235.25    6.98  6281.76  121.474686   25.051716  -999.00
 1010.0 12 16 50.00  470.75   -9.28  -12.95   81.96    7.37    5.13    8.97  235.16    6.85  6309.71  121.474983   25.051907  -999.00
 1015.0 12 16 55.00  468.70   -9.35  -12.32   86.73    6.92    4.72    8.38  235.71    6.64  6343.36  121.475342   25.052130  -999.00
 1019.0 12 16 59.00  467.13   -9.38  -12.21   87.80    6.71    4.38    8.01  236.84    6.51  6369.39  121.475609   25.052294  -999.00
 1024.0 12 17  4.00  465.19   -9.43  -12.04   89.37    6.59    3.94    7.68  239.13    6.48  6401.50  121.475937   25.052483  -999.00
 1028.0 12 17  8.00  463.63   -9.50  -12.06   89.79    6.60    3.57    7.50  241.58    6.56  6427.53  121.476196   25.052616  -999.00
 1032.0 12 17 12.00  462.04   -9.59  -12.01   90.83 -999.00 -999.00 -999.00 -999.00    6.66  6454.06 -999.000000 -999.000000  -999.00
 1037.0 12 17 17.00  460.04   -9.74  -12.13   91.22 -999.00 -999.00 -999.00 -999.00    6.79  6487.64 -999.000000 -999.000000  -999.00
 1041.0 12 17 21.00  458.41   -9.90  -12.37   90.73    6.80    2.29    7.17  251.39    6.84  6515.07  121.477058   25.052961  -999.00
 1045.0 12 17 25.00  456.75  -10.13  -12.72   90.02    6.77    1.91    7.03  254.23    6.83  6543.02  121.477333   25.053038  -999.00
 1050.0 12 17 30.00  454.74  -10.47  -13.30   88.52    6.68    1.54    6.85  257.01    6.74  6576.93  121.477661   25.053116  -999.00
 1054.0 12 17 34.00  453.20  -10.74  -13.75   87.44    6.61    1.40    6.76  258.06    6.78  6603.07  121.477928   25.053167  -999.00
 1059.0 12 17 39.00  451.20  -11.00  -14.16   86.53    6.58    1.43    6.73  257.73    6.96  6637.08  121.478256   25.053232  -999.00
 1063.0 12 17 43.00  449.53  -11.18  -14.34   86.66    6.52    1.46    6.68  257.35    7.11  6665.62  121.478516   25.053284  -999.00
 1067.0 12 17 47.00  447.84  -11.35  -14.58   86.28    6.36    1.34    6.50  258.14    7.16  6694.57  121.478767   25.053335  -999.00
 1072.0 12 17 52.00  445.75  -11.61  -14.97   85.57    6.02    0.82    6.07  262.26    6.98  6730.42  121.479073   25.053383  -999.00
 1076.0 12 17 56.00  444.14  -11.85  -15.26   85.34 -999.00 -999.00 -999.00 -999.00    6.75  6758.14 -999.000000 -999.000000  -999.00
 1080.0 12 18  0.00  442.62  -12.09  -15.64   84.50    5.71   -0.57    5.73  275.69    6.52  6784.39  121.479538   25.053392  -999.00
 1085.0 12 18  5.00  440.79  -12.34  -15.92   84.47    6.01   -1.47    6.18  283.75    6.50  6816.06  121.479828   25.053347  -999.00
 1089.0 12 18  9.00  439.28  -12.43  -16.01   84.55    6.54   -1.88    6.80  286.00    6.68  6842.33  121.480080   25.053286  -999.00
 1094.0 12 18 14.00  437.31  -12.44  -15.87   85.59    7.54   -1.60    7.70  281.99    7.05  6876.67  121.480431   25.053207  -999.00
 1098.0 12 18 18.00  435.68  -12.43  -15.68   86.86    8.52   -0.69    8.55  274.65    7.35  6905.18  121.480743   25.053165  -999.00
 1102.0 12 18 22.00  433.97  -12.46  -15.62   87.55    9.58    0.63    9.60  266.22    7.55  6935.22  121.481110   25.053165  -999.00
 1107.0 12 18 27.00  431.77  -12.57  -15.56   88.90   10.83    2.58   11.14  256.59    7.43  6974.00  121.481613   25.053238  -999.00
 1111.0 12 18 31.00  430.12  -12.69  -15.60   89.55 -999.00 -999.00 -999.00 -999.00    7.07  7003.38 -999.000000 -999.000000  -999.00
 1115.0 12 18 35.00  428.58  -12.81  -15.66   90.06   12.53    5.76   13.79  245.33    6.68  7030.61  121.482536   25.053539  -999.00
 1120.0 12 18 40.00  426.80  -12.98  -15.70   91.20   13.41    7.47   15.35  240.87    6.38  7062.50  121.483177   25.053837  -999.00
 1124.0 12 18 44.00  425.40  -13.12  -15.84   91.31   14.01    8.59   16.43  238.48    6.46  7087.57  121.483727   25.054127  -999.00
 1129.0 12 18 49.00  423.57  -13.32  -15.96   92.08 -999.00 -999.00 -999.00 -999.00    6.88  7120.27 -999.000000 -999.000000  -999.00
 1133.0 12 18 53.00  421.99  -13.49  -16.08   92.55   15.09   10.15   18.19  236.08    7.39  7148.89  121.485023   25.054890  -999.00
 1137.0 12 18 57.00  420.28  -13.67  -16.21   93.08   15.48   10.41   18.66  236.08    7.81  7179.66  121.485626   25.055260  -999.00
 1142.0 12 19  2.00  418.08  -13.87  -16.37   93.53 -999.00 -999.00 -999.00 -999.00    8.06  7219.61 -999.000000 -999.000000  -999.00
 1146.0 12 19  6.00  416.31  -14.03  -16.51   93.84 -999.00 -999.00 -999.00 -999.00    7.90  7251.94 -999.000000 -999.000000  -999.00
 1150.0 12 19 10.00  414.57  -14.23  -16.75   93.70 -999.00 -999.00 -999.00 -999.00    7.40  7283.63 -999.000000 -999.000000  -999.00
 1155.0 12 19 15.00  412.65  -14.54  -17.24   92.50 -999.00 -999.00 -999.00 -999.00    6.35  7318.91 -999.000000 -999.000000  -999.00
 1159.0 12 19 19.00  411.38  -14.83  -17.76   90.95   16.45    8.95   18.72  241.46    5.60  7342.27  121.489105   25.057182  -999.00
 1164.0 12 19 24.00  410.04  -15.16  -18.56   87.66   16.10    8.40   18.16  242.44    5.07  7367.01  121.489914   25.057573  -999.00
 1168.0 12 19 28.00  408.98  -15.35  -19.09   85.26   15.78    7.97   17.68  243.19    5.24  7386.50  121.490547   25.057869  -999.00
 1172.0 12 19 32.00  407.78  -15.45  -19.41   83.68   15.53    7.57   17.28  244.00    5.65  7408.79  121.491165   25.058149  -999.00
 1177.0 12 19 37.00  406.13  -15.53  -19.81   81.52   15.36    7.14   16.94  245.08    6.18  7439.37  121.491936   25.058481  -999.00
 1181.0 12 19 41.00  404.76  -15.66  -20.44   78.11   15.39    6.88   16.85  245.92    6.57  7464.82  121.492538   25.058735  -999.00
 1186.0 12 19 46.00  402.96  -15.93 -999.00 -999.00   15.63    6.69   17.00  246.82    6.99  7498.43  121.493309   25.059040  -999.00
 1190.0 12 19 50.00  401.44  -16.20 -999.00 -999.00   15.89    6.65   17.22  247.28    7.32  7526.95  121.493935   25.059282  -999.00
 1194.0 12 19 54.00  399.85  -16.46  -24.13   60.84   16.11    6.70   17.45  247.40    7.58  7556.75  121.494568   25.059523  -999.00
 1199.0 12 19 59.00  397.81  -16.75  -25.14   57.10   16.25    6.86   17.64  247.12    7.69  7595.24  121.495369   25.059830  -999.00
 1203.0 12 20  3.00  396.17  -16.98  -26.01   53.92   16.29    6.97   17.72  246.82    7.56  7626.30  121.496017   25.060080  -999.00
 1207.0 12 20  7.00  394.57  -17.22  -26.93   50.72   16.31    7.01   17.75  246.73    7.26  7656.50  121.496658   25.060331  -999.00
 1212.0 12 20 12.00  392.71  -17.53  -27.98   47.42   16.34    6.87   17.72  247.19    6.92  7691.90  121.497467   25.060644  -999.00
 1216.0 12 20 16.00  391.34  -17.76  -28.71   45.27   16.36    6.56   17.63  248.15    6.82  7718.18  121.498116   25.060888  -999.00
 1221.0 12 20 21.00  389.59  -18.02  -29.44   43.36 -999.00 -999.00 -999.00 -999.00    7.14  7751.62 -999.000000 -999.000000  -999.00
 1225.0 12 20 25.00  388.04  -18.24  -29.73   43.07 -999.00 -999.00 -999.00 -999.00    7.46  7781.41 -999.000000 -999.000000  -999.00
 1229.0 12 20 29.00  386.42  -18.45  -29.90   43.23   16.41    4.54   17.02  254.54    7.65  7812.54  121.500229   25.061539  -999.00
 1234.0 12 20 34.00  384.44  -18.70  -29.77   44.83   16.43    3.99   16.91  256.36    7.50  7850.97  121.501045   25.061731  -999.00
 1238.0 12 20 38.00  382.91  -18.88  -29.57   46.46   16.47    3.81   16.90  256.97    7.07  7880.60  121.501694   25.061872  -999.00
 1242.0 12 20 42.00  381.49  -19.05  -29.40   47.99   16.50    3.75   16.92  257.19    6.56  7908.25  121.502350   25.062010  -999.00
 1247.0 12 20 47.00  379.93  -19.26  -29.29   49.49 -999.00 -999.00 -999.00 -999.00    6.03  7938.71 -999.000000 -999.000000  -999.00
 1251.0 12 20 51.00  378.76  -19.42  -29.02   51.52 -999.00 -999.00 -999.00 -999.00    5.93  7961.66 -999.000000 -999.000000  -999.00
 1256.0 12 20 56.00  377.24  -19.58  -28.62   54.33 -999.00 -999.00 -999.00 -999.00    6.10  7991.63 -999.000000 -999.000000  -999.00
 1260.0 12 21  0.00  375.95  -19.65  -28.18   56.95 -999.00 -999.00 -999.00 -999.00    6.39  8016.89 -999.000000 -999.000000  -999.00
 1264.0 12 21  4.00  374.63  -19.71  -27.77   59.53 -999.00 -999.00 -999.00 -999.00    6.68  8043.16 -999.000000 -999.000000  -999.00
 1269.0 12 21  9.00  372.91  -19.82  -27.61   61.05 -999.00 -999.00 -999.00 -999.00    6.96  8077.15 -999.000000 -999.000000  -999.00
 1273.0 12 21 13.00  371.50  -19.94  -27.54   62.14 -999.00 -999.00 -999.00 -999.00    7.07  8105.30 -999.000000 -999.000000  -999.00
 1277.0 12 21 17.00  370.06  -20.07  -27.27   64.50 -999.00 -999.00 -999.00 -999.00    7.01  8134.18 -999.000000 -999.000000  -999.00
 1282.0 12 21 22.00  368.32  -20.22  -26.33   71.35 -999.00 -999.00 -999.00 -999.00    6.68  8169.08 -999.000000 -999.000000  -999.00
 1286.0 12 21 26.00  367.04  -20.29  -25.58   76.90   18.15    4.14   18.61  257.16    6.42  8194.92  121.509903   25.063576  -999.00
 1291.0 12 21 31.00  365.52  -20.33  -25.02   81.16   18.68    4.67   19.26  255.97    6.28  8225.61  121.510818   25.063774  -999.00
 1295.0 12 21 35.00  364.30  -20.33  -24.58   84.43   18.97    5.00   19.61  255.24    6.42  8250.40  121.511559   25.063948  -999.00
 1299.0 12 21 39.00  363.00  -20.35  -24.24   87.22   19.01    5.14   19.70  254.86    6.63  8276.80  121.512314   25.064131  -999.00
 1304.0 12 21 44.00  361.32  -20.44  -24.07   89.33 -999.00 -999.00 -999.00 -999.00    6.73  8311.12 -999.000000 -999.000000  -999.00
 1308.0 12 21 48.00  360.00  -20.56  -24.05   90.54 -999.00 -999.00 -999.00 -999.00    6.67  8338.34 -999.000000 -999.000000  -999.00
 1312.0 12 21 52.00  358.72  -20.70  -24.13   91.15   17.89    4.91   18.55  254.66    6.53  8364.63  121.514694   25.064720  -999.00
 1317.0 12 21 57.00  357.18  -20.88  -24.28   91.51   17.22    4.77   17.87  254.53    6.48  8396.43  121.515564   25.064939  -999.00
 1321.0 12 22  1.00  355.94  -21.04  -24.42   91.75 -999.00 -999.00 -999.00 -999.00    6.56  8422.23 -999.000000 -999.000000  -999.00
 1326.0 12 22  6.00  354.34  -21.25  -24.63   91.96   16.25    4.61   16.90  254.15    6.72  8455.49  121.517059   25.065319  -999.00
 1330.0 12 22 10.00  353.03  -21.42  -24.81   91.97   15.90    4.60   16.55  253.86    6.81  8482.74  121.517693   25.065487  -999.00
 1334.0 12 22 14.00  351.72  -21.60  -24.98   92.15   15.51    4.62   16.18  253.42    6.81  8510.20  121.518318   25.065653  -999.00
 1339.0 12 22 19.00  350.10  -21.84  -25.24   92.18   14.96    4.65   15.67  252.74    6.65  8544.18  121.519073   25.065863  -999.00
 1343.0 12 22 23.00  348.85  -22.06  -25.49   92.10   14.66    4.61   15.37  252.56    6.44  8570.49  121.519661   25.066031  -999.00
 1348.0 12 22 28.00  347.36  -22.33  -25.81   91.89   14.70    4.37   15.33  253.44    6.20  8601.95  121.520386   25.066233  -999.00
 1352.0 12 22 32.00  346.22  -22.54  -26.07   91.54 -999.00 -999.00 -999.00 -999.00    6.12  8626.15 -999.000000 -999.000000  -999.00
 1356.0 12 22 36.00  345.08  -22.74  -26.31   91.34   15.58    3.67   16.01  256.76    6.18  8650.40  121.521584   25.066523  -999.00
 1361.0 12 22 41.00  343.60  -23.00  -26.64   90.96   16.11    3.31   16.45  258.39    6.34  8681.88  121.522369   25.066681  -999.00
 1365.0 12 22 45.00  342.38  -23.19  -26.86   90.81   16.38    3.18   16.68  259.01    6.51  8707.85  121.523018   25.066797  -999.00
 1369.0 12 22 49.00  341.15  -23.38  -27.08   90.74   16.59    3.21   16.90  259.03    6.67  8734.28  121.523666   25.066914  -999.00
 1374.0 12 22 54.00  339.59  -23.61  -27.33   90.69   16.90    3.52   17.26  258.24    6.90  8767.73  121.524498   25.067064  -999.00
 1378.0 12 22 58.00  338.31  -23.79  -27.54   90.54   17.28    3.90   17.71  257.27    7.11  8795.42  121.525177   25.067198  -999.00
 1383.0 12 23  3.00  336.63  -24.05  -27.87   90.14   18.03    4.38   18.55  256.33    7.19  8831.84  121.526047   25.067385  -999.00
 1387.0 12 23  7.00  335.28  -24.27  -28.14   89.89 -999.00 -999.00 -999.00 -999.00    7.02  8861.10 -999.000000 -999.000000  -999.00
 1391.0 12 23 11.00  333.99  -24.50  -28.43   89.54   19.99    4.71   20.54  256.74    6.75  8889.09  121.527557   25.067715  -999.00
 1396.0 12 23 16.00  332.54  -24.75  -28.72   89.31   21.40    4.61   21.89  257.85    6.43  8920.87  121.528580   25.067924  -999.00
 1400.0 12 23 20.00  331.42  -24.92  -28.91   89.26   22.42    4.39   22.85  258.93    6.43  8945.43  121.529449   25.068087  -999.00
 1404.0 12 23 24.00  330.21  -25.10  -29.11   89.23   23.22    4.07   23.57  260.06    6.47  8971.89  121.530357   25.068239  -999.00
 1409.0 12 23 29.00  328.70  -25.33  -29.36   89.18   23.72    3.58   23.99  261.41    6.34  9005.29  121.531517   25.068413  -999.00
 1413.0 12 23 33.00  327.58  -25.55  -29.61   89.07   23.62    3.16   23.83  262.38    6.23  9030.15  121.532455   25.068535  -999.00
 1418.0 12 23 38.00  326.23  -25.88  -30.02   88.63 -999.00 -999.00 -999.00 -999.00    6.16  9060.09 -999.000000 -999.000000  -999.00
 1422.0 12 23 42.00  325.13  -26.18  -30.41   88.02 -999.00 -999.00 -999.00 -999.00    6.26  9084.48 -999.000000 -999.000000  -999.00
 1426.0 12 23 46.00  323.97  -26.50  -30.86   87.10   21.21    1.89   21.29  264.90    6.39  9110.27  121.535347   25.068830  -999.00
 1431.0 12 23 51.00  322.50  -26.88  -31.50   85.25   20.15    1.62   20.22  265.40    6.33  9143.06  121.536369   25.068909  -999.00
 1435.0 12 23 55.00  321.38  -27.17  -32.11   82.78 -999.00 -999.00 -999.00 -999.00    6.23  9168.16 -999.000000 -999.000000  -999.00
 1440.0 12 24  0.00  320.03  -27.59  -33.31   76.95   19.71    1.87   19.80  264.58    6.12  9198.42  121.538147   25.069052  -999.00
 1444.0 12 24  4.00  318.97  -27.99  -34.71   69.87   20.33    2.36   20.47  263.37    6.17  9222.43  121.538940   25.069128  -999.00
 1448.0 12 24  8.00  317.88  -28.42 -999.00 -999.00   21.43    3.10   21.65  261.76    6.28  9246.98  121.539772   25.069225  -999.00
 1453.0 12 24 13.00  316.47  -28.88  -37.92   55.57 -999.00 -999.00 -999.00 -999.00    6.22  9278.82 -999.000000 -999.000000  -999.00
 1457.0 12 24 17.00  315.32  -29.10 -999.00 -999.00   25.07    5.37   25.64  257.91    5.93  9304.63  121.541847   25.069571  -999.00
 1461.0 12 24 21.00  314.29  -29.16 -999.00 -999.00   26.66    6.31   27.39  256.69    5.37  9328.05  121.542870   25.069780  -999.00
 1466.0 12 24 26.00  313.24  -29.07 -999.00 -999.00 -999.00 -999.00 -999.00 -999.00    4.91  9352.13 -999.000000 -999.000000  -999.00
 1470.0 12 24 30.00  312.43  -29.07  -38.40   53.96 -999.00 -999.00 -999.00 -999.00    4.88  9370.52 -999.000000 -999.000000  -999.00
 1475.0 12 24 35.00  311.34  -29.20  -38.57   53.75 -999.00 -999.00 -999.00 -999.00    5.25  9395.50 -999.000000 -999.000000  -999.00
 1479.0 12 24 39.00  310.37  -29.28  -38.48   54.69 -999.00 -999.00 -999.00 -999.00    5.68  9417.68 -999.000000 -999.000000  -999.00
 1483.0 12 24 43.00  309.34  -29.31  -38.27   56.03 -999.00 -999.00 -999.00 -999.00    6.04  9441.55 -999.000000 -999.000000  -999.00
 1488.0 12 24 48.00  307.99  -29.33  -37.66   59.78 -999.00 -999.00 -999.00 -999.00    6.24  9472.85 -999.000000 -999.000000  -999.00
 1492.0 12 24 52.00  306.90  -29.40  -37.29   62.53 -999.00 -999.00 -999.00 -999.00    6.20  9498.10 -999.000000 -999.000000  -999.00
 1496.0 12 24 56.00  305.84  -29.57  -37.62   61.50 -999.00 -999.00 -999.00 -999.00    6.10  9522.81 -999.000000 -999.000000  -999.00
 1501.0 12 25  1.00  304.57  -29.91  -38.94   55.73 -999.00 -999.00 -999.00 -999.00    6.02  9552.48 -999.000000 -999.000000  -999.00
 1505.0 12 25  5.00  303.56  -30.26  -39.67   53.60 -999.00 -999.00 -999.00 -999.00    6.16  9576.11 -999.000000 -999.000000  -999.00
 1510.0 12 25 10.00  302.22  -30.73  -41.11   48.47 -999.00 -999.00 -999.00 -999.00    6.47  9607.43 -999.000000 -999.000000  -999.00
 1514.0 12 25 14.00  301.08  -31.10  -42.88   41.79   26.84    6.90   27.71  255.58    6.72  9634.23  121.556915   25.072941  -999.00
 1518.0 12 25 18.00  299.90  -31.45  -44.90   34.85   25.71    6.40   26.50  256.01    6.80  9662.07  121.557961   25.073181  -999.00
 1523.0 12 25 23.00  298.45  -31.82  -47.62   26.84 -999.00 -999.00 -999.00 -999.00    6.69  9696.28 -999.000000 -999.000000  -999.00
 1527.0 12 25 27.00  297.35  -32.07  -48.99   23.62 -999.00 -999.00 -999.00 -999.00    6.60  9722.46 -999.000000 -999.000000  -999.00
 1532.0 12 25 32.00  296.01  -32.35  -50.33   20.85 -999.00 -999.00 -999.00 -999.00    6.66  9754.40 -999.000000 -999.000000  -999.00
 1536.0 12 25 36.00  294.89  -32.57  -50.58   20.74 -999.00 -999.00 -999.00 -999.00    6.92  9781.06 -999.000000 -999.000000  -999.00
 1540.0 12 25 40.00  293.69  -32.78  -50.80   20.70   18.70    1.37   18.75  265.81    7.06  9809.68  121.562805   25.073954  -999.00
 1545.0 12 25 45.00  292.18  -33.06  -51.04   20.73   17.41    0.03   17.41  269.89    6.92  9845.90  121.563698   25.073984  -999.00
 1549.0 12 25 49.00  291.04  -33.30  -51.22   20.84   16.57   -1.07   16.60  273.68    6.55  9873.36  121.564369   25.073965  -999.00
 1553.0 12 25 53.00  290.01  -33.52  -51.36   21.00 -999.00 -999.00 -999.00 -999.00    6.09  9898.36 -999.000000 -999.000000  -999.00
 1558.0 12 25 58.00  288.82  -33.77  -51.47   21.30 -999.00 -999.00 -999.00 -999.00    5.80  9927.10 -999.000000 -999.000000  -999.00
 1562.0 12 26  2.00  287.89  -33.95  -50.68   23.81 -999.00 -999.00 -999.00 -999.00    5.82  9949.81 -999.000000 -999.000000  -999.00
 1567.0 12 26  7.00  286.67  -34.17  -50.67   24.39 -999.00 -999.00 -999.00 -999.00    6.15  9979.51 -999.000000 -999.000000  -999.00
 1571.0 12 26 11.00  285.63  -34.35  -50.04   26.75 -999.00 -999.00 -999.00 -999.00    6.48 10004.99 -999.000000 -999.000000  -999.00
 1575.0 12 26 15.00  284.53  -34.52  -49.41   29.30   14.19   -6.52   15.61  294.68    6.80 10031.89  121.568336   25.073076  -999.00
 1580.0 12 26 20.00  283.11  -34.68  -48.13   34.46   13.77   -6.61   15.28  295.62    7.05 10066.83  121.569023   25.072781  -999.00
 1584.0 12 26 24.00  281.96  -34.75  -46.90   39.87   13.59   -6.38   15.01  295.15    7.13 10095.10  121.569572   25.072544  -999.00
 1589.0 12 26 29.00  280.52  -34.81  -45.58   46.43   13.84   -5.70   14.97  292.37    7.11 10130.87  121.570251   25.072273  -999.00
 1593.0 12 26 33.00  279.37  -34.87  -44.85   50.60   14.54   -4.88   15.34  288.55    7.03 10159.58  121.570808   25.072083  -999.00
 1597.0 12 26 37.00  278.27  -34.99  -44.22   54.93 -999.00 -999.00 -999.00 -999.00    6.93 10187.15 -999.000000 -999.000000  -999.00
 1602.0 12 26 42.00  276.93  -35.20  -44.19   56.38 -999.00 -999.00 -999.00 -999.00    7.00 10220.77 -999.000000 -999.000000  -999.00
 1606.0 12 26 46.00  275.79  -35.39  -44.37   56.46 -999.00 -999.00 -999.00 -999.00    7.10 10249.37 -999.000000 -999.000000  -999.00
 1610.0 12 26 50.00  274.63  -35.61  -44.67   55.98   19.60   -1.75   19.67  275.09    7.07 10278.80  121.573685   25.071573  -999.00
 1615.0 12 26 55.00  273.24  -35.91  -45.06   55.43   20.44   -1.57   20.50  274.38    6.92 10314.13  121.574677   25.071499  -999.00
 1619.0 12 26 59.00  272.19  -36.14  -45.59   53.70   20.63   -1.64   20.70  274.55    6.78 10340.88  121.575493   25.071440  -999.00
 1624.0 12 27  4.00  270.90  -36.41  -45.92   53.35   20.60   -1.64   20.67  274.55    6.85 10373.74  121.576515   25.071365  -999.00
 1628.0 12 27  8.00  269.81  -36.64  -46.18   53.15   20.62   -1.29   20.66  273.58    7.02 10401.78  121.577332   25.071314  -999.00
 1632.0 12 27 12.00  268.67  -36.88  -46.47   52.87   20.73   -0.63   20.74  271.75    7.06 10431.08  121.578148   25.071280  -999.00
 1637.0 12 27 17.00  267.27  -37.20  -46.97   51.85 -999.00 -999.00 -999.00 -999.00    7.03 10467.02 -999.000000 -999.000000  -999.00
 1641.0 12 27 21.00  266.22  -37.45  -47.74   48.92   20.81    0.91   20.83  267.51    7.02 10494.41  121.580002   25.071289  -999.00
 1646.0 12 27 26.00  264.91  -37.78  -48.81   44.95   20.47    1.36   20.52  266.21    7.39 10528.26  121.581024   25.071341  -999.00
 1650.0 12 27 30.00  263.74  -38.09  -49.95   40.89   19.89    1.50   19.94  265.70    7.91 10558.66  121.581825   25.071392  -999.00
 1654.0 12 27 34.00  262.46  -38.43  -51.14   37.00   18.98    1.47   19.03  265.58    8.16 10592.23  121.582596   25.071445  -999.00
 1659.0 12 27 39.00  260.85  -38.87  -52.64   32.62   17.69    1.35   17.74  265.65    7.94 10634.49  121.583504   25.071508  -999.00
 1663.0 12 27 43.00  259.67  -39.19  -53.68   29.89   16.91    1.35   16.96  265.44    7.28 10665.51  121.584190   25.071558  -999.00
 1667.0 12 27 47.00  258.65  -39.46  -54.48   28.01   16.64    1.55   16.72  264.66    6.70 10692.55  121.584854   25.071609  -999.00
 1672.0 12 27 52.00  257.48  -39.75  -55.26   26.36   16.98    1.92   17.08  263.53    6.47 10723.50  121.585693   25.071690  -999.00
 1676.0 12 27 56.00  256.52  -39.97  -55.49   26.26   17.59    2.07   17.71  263.29    6.68 10748.87  121.586372   25.071760  -999.00
 1681.0 12 28  1.00  255.18  -40.23  -55.63   26.60   18.56    1.85   18.65  264.30    7.21 10784.62  121.587273   25.071850  -999.00
 1685.0 12 28  5.00  254.04  -40.44  -55.41   28.00 -999.00 -999.00 -999.00 -999.00    7.45 10815.22 -999.000000 -999.000000  -999.00
 1689.0 12 28  9.00  252.93  -40.63  -55.36   28.78   20.17    1.36   20.22  266.14    7.62 10845.12  121.588806   25.071966  -999.00
 1694.0 12 28 14.00  251.53  -40.90  -55.25   30.10   20.98    1.54   21.04  265.79    7.79 10882.92  121.589828   25.072031  -999.00
 1698.0 12 28 18.00  250.36  -41.14  -55.33   30.64   21.41    1.89   21.49  264.96    7.90 10914.55  121.590668   25.072092  -999.00
 1703.0 12 28 23.00  248.90  -41.49  -55.51   31.20   21.56    2.30   21.68  263.90    7.95 10954.29  121.591728   25.072187  -999.00
 1707.0 12 28 27.00  247.74  -41.79  -55.71   31.53   21.28    2.45   21.42  263.43    7.87 10985.77  121.592583   25.072273  -999.00
 1711.0 12 28 31.00  246.60  -42.08  -55.92   31.80   20.59    2.33   20.72  263.53    7.64 11017.13  121.593407   25.072359  -999.00
 1716.0 12 28 36.00  245.23  -42.42  -56.13   32.23 -999.00 -999.00 -999.00 -999.00    7.08 11054.69 -999.000000 -999.000000  -999.00
 1720.0 12 28 40.00  244.24  -42.68  -56.28   32.60 -999.00 -999.00 -999.00 -999.00    6.51 11082.06 -999.000000 -999.000000  -999.00
 1724.0 12 28 44.00  243.35  -42.92  -56.44   32.90   15.60   -0.12   15.60  270.42    5.94 11106.78  121.595741   25.072491  -999.00
 1729.0 12 28 49.00  242.34  -43.18  -56.54   33.50   14.12   -0.87   14.15  273.52    5.56 11134.69  121.596481   25.072468  -999.00
 1733.0 12 28 53.00  241.57  -43.35  -56.70   33.53   13.70   -1.07   13.74  274.46    5.55 11156.16  121.597031   25.072433  -999.00
 1738.0 12 28 58.00  240.56  -43.52  -56.74   34.01   13.95   -1.21   14.01  274.97    5.84 11184.20  121.597717   25.072382  -999.00
 1742.0 12 29  2.00  239.69  -43.68  -56.93   33.87 -999.00 -999.00 -999.00 -999.00    6.09 11208.72 -999.000000 -999.000000  -999.00
 1746.0 12 29  6.00  238.79  -43.85  -57.05   34.05 -999.00 -999.00 -999.00 -999.00    6.20 11234.01 -999.000000 -999.000000  -999.00
 1751.0 12 29 11.00  237.68  -44.10  -57.27   34.13   17.26   -2.73   17.48  278.97    6.16 11265.12  121.599724   25.072151  -999.00
 1755.0 12 29 15.00  236.83  -44.31  -57.43   34.29   18.84   -2.74   19.04  278.27    6.02 11289.28  121.600441   25.072052  -999.00
 1759.0 12 29 19.00  235.99  -44.51  -57.69   34.02 -999.00 -999.00 -999.00 -999.00    5.90 11312.89 -999.000000 -999.000000  -999.00
 1764.0 12 29 24.00  234.97  -44.75  -57.88   34.16 -999.00 -999.00 -999.00 -999.00    5.79 11342.05 -999.000000 -999.000000  -999.00
 1768.0 12 29 28.00  234.16  -44.94  -58.07   34.15 -999.00 -999.00 -999.00 -999.00    5.73 11365.10 -999.000000 -999.000000  -999.00
 1773.0 12 29 33.00  233.16  -45.17  -58.31   34.05 -999.00 -999.00 -999.00 -999.00    5.68 11393.50 -999.000000 -999.000000  -999.00
 1777.0 12 29 37.00  232.37  -45.36  -58.51   33.95   23.88    1.26   23.91  266.99    5.66 11416.22  121.605103   25.071905  -999.00
 1781.0 12 29 41.00  231.58  -45.53  -58.70   33.85   21.95    0.84   21.97  267.81    5.61 11438.99  121.606010   25.071941  -999.00
 1786.0 12 29 46.00  230.60  -45.73  -58.91   33.75   18.30   -0.44   18.31  271.38    5.54 11467.04  121.607002   25.071951  -999.00
 1790.0 12 29 50.00  229.84  -45.87  -59.06   33.69   15.31   -1.52   15.38  275.68    5.52 11489.10  121.607674   25.071917  -999.00
 1795.0 12 29 55.00  228.89  -46.07  -59.27   33.59   12.53   -2.32   12.74  280.51    5.66 11516.61  121.608360   25.071829  -999.00
 1799.0 12 29 59.00  228.11  -46.24  -59.45   33.51 -999.00 -999.00 -999.00 -999.00    5.95 11539.38 -999.000000 -999.000000  -999.00
 1803.0 12 30  3.00  227.28  -46.43  -59.66   33.42 -999.00 -999.00 -999.00 -999.00    6.31 11563.55 -999.000000 -999.000000  -999.00
 1808.0 12 30  8.00  226.16  -46.70  -59.94   33.29 -999.00 -999.00 -999.00 -999.00    6.75 11596.46 -999.000000 -999.000000  -999.00
 1812.0 12 30 12.00  225.20  -46.93  -60.19   33.18 -999.00 -999.00 -999.00 -999.00    6.86 11624.38 -999.000000 -999.000000  -999.00
 1816.0 12 30 16.00  224.25  -47.18  -60.45   33.06 -999.00 -999.00 -999.00 -999.00    6.76 11652.41 -999.000000 -999.000000  -999.00
 1821.0 12 30 21.00  223.14  -47.48  -60.77   32.92 -999.00 -999.00 -999.00 -999.00    6.37 11685.40 -999.000000 -999.000000  -999.00
 1825.0 12 30 25.00  222.33  -47.71  -61.02   32.81 -999.00 -999.00 -999.00 -999.00    6.09 11709.38 -999.000000 -999.000000  -999.00
 1830.0 12 30 30.00  221.34  -47.99  -61.31   32.68 -999.00 -999.00 -999.00 -999.00    5.90 11738.82 -999.000000 -999.000000  -999.00
 1834.0 12 30 34.00  220.54  -48.20  -61.53   32.58 -999.00 -999.00 -999.00 -999.00    5.80 11762.69 -999.000000 -999.000000  -999.00
 1838.0 12 30 38.00  219.75  -48.42  -61.77   32.47 -999.00 -999.00 -999.00 -999.00    5.72 11786.14 -999.000000 -999.000000  -999.00
 1843.0 12 30 43.00  218.81  -48.69  -62.05   32.34   19.66    3.35   19.94  260.32    5.63 11814.35  121.616020   25.072052  -999.00
 1847.0 12 30 47.00  218.08  -48.91  -62.29   32.24   20.10    3.15   20.35  261.10    5.63 11836.26  121.616806   25.072170  -999.00
 1852.0 12 30 52.00  217.14  -49.20  -62.59   32.10   20.54    2.65   20.71  262.66    5.71 11864.64  121.617813   25.072300  -999.00
 1856.0 12 30 56.00  216.36  -49.43  -62.84   31.99 -999.00 -999.00 -999.00 -999.00    5.73 11888.27 -999.000000 -999.000000  -999.00
 1860.0 12 31  0.00  215.60  -49.65  -63.07   31.88 -999.00 -999.00 -999.00 -999.00    5.71 11911.17 -999.000000 -999.000000  -999.00
 1865.0 12 31  5.00  214.68  -49.91  -63.34   31.76 -999.00 -999.00 -999.00 -999.00    5.76 11939.11 -999.000000 -999.000000  -999.00
 1869.0 12 31  9.00  213.92  -50.11  -63.54   31.73   24.57    2.01   24.65  265.31    5.82 11962.32  121.621613   25.072659  -999.00
 1873.0 12 31 13.00  213.15  -50.32  -63.73   31.74   26.18    2.98   26.34  263.49    5.88 11986.04  121.622620   25.072748  -999.00
 1878.0 12 31 18.00  212.18  -50.59  -63.98   31.77 -999.00 -999.00 -999.00 -999.00    5.91 12015.59 -999.000000 -999.000000  -999.00
 1882.0 12 31 22.00  211.43  -50.80  -64.18   31.78 -999.00 -999.00 -999.00 -999.00    5.88 12038.90 -999.000000 -999.000000  -999.00
 1887.0 12 31 27.00  210.48  -51.06  -64.42   31.80 -999.00 -999.00 -999.00 -999.00    5.79 12067.95 -999.000000 -999.000000  -999.00
 1891.0 12 31 31.00  209.72  -51.26  -64.60   31.82   33.22   10.27   34.77  252.83    5.63 12091.59  121.627914   25.073826  -999.00
 1895.0 12 31 35.00  208.99  -51.47  -64.79   31.84   33.73   11.26   35.56  251.55    5.36 12114.26  121.629242   25.074215  -999.00
 1900.0 12 31 40.00  208.17  -51.74  -65.04   31.86 -999.00 -999.00 -999.00 -999.00    5.18 12139.61 -999.000000 -999.000000  -999.00
 1904.0 12 31 44.00  207.53  -51.95  -65.24   31.88 -999.00 -999.00 -999.00 -999.00    5.27 12159.72 -999.000000 -999.000000  -999.00
 1909.0 12 31 49.00  206.66  -52.21  -65.48   31.90 -999.00 -999.00 -999.00 -999.00    5.61 12186.90 -999.000000 -999.000000  -999.00
 1913.0 12 31 53.00  205.91  -52.41  -65.66   31.92 -999.00 -999.00 -999.00 -999.00    5.98 12210.19 -999.000000 -999.000000  -999.00
 1917.0 12 31 57.00  205.13  -52.61  -65.84   31.93   30.13    8.28   31.25  254.63    6.33 12234.84  121.636208   25.076155  -999.00
 1922.0 12 32  2.00  204.09  -52.89  -66.10   31.96   29.35    6.09   29.97  258.28    6.60 12267.53  121.637680   25.076479  -999.00
 1926.0 12 32  6.00  203.24  -53.12  -66.31   31.97   28.80    4.29   29.11  261.52    6.65 12294.41  121.638832   25.076666  -999.00
 1930.0 12 32 10.00  202.40  -53.36  -66.54   31.99   28.12    2.83   28.27  264.26    6.59 12321.11  121.639961   25.076796  -999.00
 1935.0 12 32 15.00  201.39  -53.67  -66.82   32.02   26.94    1.88   27.01  266.02    6.41 12353.43  121.641327   25.076900  -999.00
 1939.0 12 32 19.00  200.61  -53.93  -67.06   32.04   25.93    1.84   26.00  265.94    6.31 12378.40  121.642372   25.076967  -999.00
 1944.0 12 32 24.00  199.64  -54.24  -67.35   32.07   24.99    2.60   25.13  264.05    6.20 12409.29  121.643639   25.077068  -999.00
 1948.0 12 32 28.00  198.86  -54.48  -67.57   32.09   24.73    3.73   25.01  261.42    6.08 12434.26  121.644623   25.077183  -999.00
 1952.0 12 32 32.00  198.09  -54.71  -67.78   32.10 -999.00 -999.00 -999.00 -999.00    5.85 12459.29 -999.000000 -999.000000  -999.00
 1957.0 12 32 37.00  197.20  -54.99  -68.03   32.14 -999.00 -999.00 -999.00 -999.00    5.48 12487.98 -999.000000 -999.000000  -999.00
 1961.0 12 32 41.00  196.56  -55.19  -68.21   32.16 -999.00 -999.00 -999.00 -999.00    5.50 12508.68 -999.000000 -999.000000  -999.00
 1966.0 12 32 46.00  195.73  -55.42  -68.42   32.19 -999.00 -999.00 -999.00 -999.00    6.06 12535.67 -999.000000 -999.000000  -999.00
 1970.0 12 32 50.00  194.95  -55.59  -68.58   32.20 -999.00 -999.00 -999.00 -999.00    6.94 12561.11 -999.000000 -999.000000  -999.00
 1974.0 12 32 54.00  194.02  -55.75  -68.75   32.13 -999.00 -999.00 -999.00 -999.00    7.75 12591.62 -999.000000 -999.000000  -999.00
 1979.0 12 32 59.00  192.75  -55.97  -69.01   31.87 -999.00 -999.00 -999.00 -999.00    8.26 12633.26 -999.000000 -999.000000  -999.00
 1983.0 12 33  3.00  191.75  -56.18  -69.12   32.27 -999.00 -999.00 -999.00 -999.00    8.26 12666.56 -999.000000 -999.000000  -999.00
 1987.0 12 33  7.00  190.77  -56.42  -69.40   32.03   35.74   10.82   37.34  253.15    7.97 12699.10  121.656311   25.079744  -999.00
 1992.0 12 33 12.00  189.60  -56.76  -69.73   31.94   37.03   10.55   38.50  254.09    7.57 12737.95  121.658112   25.080229  -999.00
 1996.0 12 33 16.00  188.73  -57.03  -69.98   31.96 -999.00 -999.00 -999.00 -999.00    7.37 12767.25 -999.000000 -999.000000  -999.00
 2001.0 12 33 21.00  187.65  -57.39  -70.31   31.99 -999.00 -999.00 -999.00 -999.00    7.46 12803.45 -999.000000 -999.000000  -999.00
 2005.0 12 33 25.00  186.75  -57.69  -70.59   32.03 -999.00 -999.00 -999.00 -999.00    7.76 12833.67 -999.000000 -999.000000  -999.00
 2009.0 12 33 29.00  185.81  -57.98  -70.85   32.04 -999.00 -999.00 -999.00 -999.00    8.20 12865.48 -999.000000 -999.000000  -999.00
 2014.0 12 33 34.00  184.57  -58.36  -71.20   32.07 -999.00 -999.00 -999.00 -999.00    8.60 12907.59 -999.000000 -999.000000  -999.00
 2018.0 12 33 38.00  183.54  -58.68  -71.50   32.08 -999.00 -999.00 -999.00 -999.00    8.68 12942.84 -999.000000 -999.000000  -999.00
 2022.0 12 33 42.00  182.52  -59.00  -71.79   32.10 -999.00 -999.00 -999.00 -999.00    8.38 12977.91 -999.000000 -999.000000  -999.00
 2027.0 12 33 47.00  181.34  -59.37  -72.13   32.12 -999.00 -999.00 -999.00 -999.00    7.64 13018.56 -999.000000 -999.000000  -999.00
 2031.0 12 33 51.00  180.50  -59.65  -72.39   32.14 -999.00 -999.00 -999.00 -999.00    6.87 13047.36 -999.000000 -999.000000  -999.00
 2036.0 12 33 56.00  179.59  -59.97  -72.69   32.16 -999.00 -999.00 -999.00 -999.00    6.19 13078.89 -999.000000 -999.000000  -999.00
 2040.0 12 34  0.00  178.92  -60.20  -72.90   32.17 -999.00 -999.00 -999.00 -999.00    5.90 13102.29 -999.000000 -999.000000  -999.00
 2044.0 12 34  4.00  178.26  -60.40  -73.08   32.19 -999.00 -999.00 -999.00 -999.00    5.78 13125.44 -999.000000 -999.000000  -999.00
 2049.0 12 34  9.00  177.41  -60.62  -73.28   32.20 -999.00 -999.00 -999.00 -999.00    5.65 13155.05 -999.000000 -999.000000  -999.00
 2053.0 12 34 13.00  176.76  -60.77  -73.42   32.21 -999.00 -999.00 -999.00 -999.00    5.40 13177.94 -999.000000 -999.000000  -999.00
 2058.0 12 34 18.00  176.02  -60.94  -73.58   32.22 -999.00 -999.00 -999.00 -999.00    5.13 13203.90 -999.000000 -999.000000  -999.00
 2062.0 12 34 22.00  175.47  -61.07  -73.70   32.22   38.74   -3.30   38.88  274.86    5.04 13223.56  121.684402   25.082521  -999.00
 2066.0 12 34 26.00  174.91  -61.21  -73.83   32.23   37.32   -3.33   37.47  275.10    5.15 13243.37  121.685905   25.082401  -999.00
 2071.0 12 34 31.00  174.17  -61.39  -73.99   32.24   35.15   -3.49   35.33  275.68    5.45 13269.69  121.687706   25.082247  -999.00
 2075.0 12 34 35.00  173.53  -61.56  -74.15   32.25   33.06   -3.88   33.29  276.70    5.63 13292.37  121.689056   25.082113  -999.00
 2079.0 12 34 39.00  172.87  -61.75  -74.32   32.26 -999.00 -999.00 -999.00 -999.00    5.67 13316.06 -999.000000 -999.000000  -999.00
 2084.0 12 34 44.00  172.08  -62.00  -74.55   32.28 -999.00 -999.00 -999.00 -999.00    5.50 13344.24 -999.000000 -999.000000  -999.00
 2088.0 12 34 48.00  171.51  -62.19  -74.73   32.29   24.23   -7.54   25.38  287.28    5.47 13364.94  121.692749   25.081444  -999.00
 2093.0 12 34 53.00  170.76  -62.45  -74.96   32.31   20.67   -9.75   22.86  295.25    5.61 13391.86  121.693855   25.081055  -999.00
 2097.0 12 34 57.00  170.12  -62.67  -75.17   32.32   18.38  -11.52   21.69  302.09    5.76 13415.12  121.694633   25.080669  -999.00
 2101.0 12 35  1.00  169.45  -62.90  -75.38   32.33   16.83  -13.08   21.31  307.85    5.84 13439.31  121.695328   25.080227  -999.00
 2106.0 12 35  6.00  168.64  -63.15  -75.61   32.35   16.06  -14.35   21.54  311.79    5.73 13468.69  121.696144   25.079607  -999.00
 2110.0 12 35 10.00  168.04  -63.34  -75.78   32.36   16.46  -14.56   21.98  311.50    5.73 13490.72  121.696793   25.079084  -999.00
 2115.0 12 35 15.00  167.26  -63.60  -76.02   32.37   18.14  -13.74   22.75  307.14    5.97 13519.17  121.697647   25.078445  -999.00
 2119.0 12 35 19.00  166.59  -63.82  -76.22   32.39   20.13  -12.46   23.67  301.76    6.34 13543.75  121.698410   25.077972  -999.00
 2123.0 12 35 23.00  165.88  -64.05  -76.43   32.40   22.45  -10.87   24.94  295.84    6.73 13569.85  121.699249   25.077551  -999.00
 2128.0 12 35 28.00  164.94  -64.35  -76.71   32.42 -999.00 -999.00 -999.00 -999.00    7.00 13604.69 -999.000000 -999.000000  -999.00
 2132.0 12 35 32.00  164.16  -64.58  -76.92   32.43 -999.00 -999.00 -999.00 -999.00    6.96 13633.76 -999.000000 -999.000000  -999.00
 2136.0 12 35 36.00  163.42  -64.80  -77.12   32.44   29.52   -6.38   30.21  282.20    6.70 13661.34  121.702599   25.076538  -999.00
 2141.0 12 35 41.00  162.58  -65.06  -77.36   32.46   31.16   -5.86   31.70  280.66    6.49 13692.79  121.704102   25.076263  -999.00
 2145.0 12 35 45.00  161.89  -65.24  -77.52   32.47   31.92   -5.90   32.46  280.47    6.42 13718.43  121.705353   25.076050  -999.00
 2150.0 12 35 50.00  161.03  -65.47  -77.73   32.48 -999.00 -999.00 -999.00 -999.00    6.30 13751.09 -999.000000 -999.000000  -999.00
 2154.0 12 35 54.00  160.37  -65.65  -77.90   32.49   31.83   -7.02   32.59  282.43    6.17 13776.01  121.708199   25.075525  -999.00
 2158.0 12 35 58.00  159.73  -65.84  -78.07   32.50   30.90   -7.94   31.90  284.40    6.01 13800.14  121.709442   25.075256  -999.00
 2163.0 12 36  3.00  158.95  -66.06  -78.27   32.52   28.91   -9.42   30.40  288.04    5.85 13829.87  121.710922   25.074863  -999.00
 2167.0 12 36  7.00  158.34  -66.25  -78.45   32.53 -999.00 -999.00 -999.00 -999.00    5.77 13853.12 -999.000000 -999.000000  -999.00
 2171.0 12 36 11.00  157.74  -66.44  -78.62   32.54 -999.00 -999.00 -999.00 -999.00    5.76 13876.01 -999.000000 -999.000000  -999.00
 2176.0 12 36 16.00  156.99  -66.66  -78.82   32.55   22.28  -12.00   25.30  298.32    5.85 13904.89  121.714218   25.073606  -999.00
 2180.0 12 36 20.00  156.38  -66.84  -78.99   32.56   20.61  -11.91   23.81  300.02    6.02 13928.67  121.715073   25.073175  -999.00
 2185.0 12 36 25.00  155.58  -67.05  -79.18   32.57   18.93  -11.65   22.23  301.61    6.33 13959.64  121.716049   25.072643  -999.00
 2189.0 12 36 29.00  154.91  -67.21  -79.33   32.58   17.93  -11.58   21.34  302.85    6.65 13985.39  121.716782   25.072224  -999.00
 2193.0 12 36 33.00  154.22  -67.37  -79.47   32.59 -999.00 -999.00 -999.00 -999.00    7.05 14012.36 -999.000000 -999.000000  -999.00
 2198.0 12 36 38.00  153.29  -67.61  -79.69   32.61 -999.00 -999.00 -999.00 -999.00    7.58 14048.98 -999.000000 -999.000000  -999.00
 2202.0 12 36 42.00  152.49  -67.83  -79.89   32.62 -999.00 -999.00 -999.00 -999.00    7.90 14080.27 -999.000000 -999.000000  -999.00
 2207.0 12 36 47.00  151.47  -68.13  -80.17   32.64 -999.00 -999.00 -999.00 -999.00    8.06 14120.41 -999.000000 -999.000000  -999.00
 2211.0 12 36 51.00  150.66  -68.37  -80.39   32.65 -999.00 -999.00 -999.00 -999.00    7.96 14152.62 -999.000000 -999.000000  -999.00
 2215.0 12 36 55.00  149.87  -68.61  -80.60   32.67 -999.00 -999.00 -999.00 -999.00    7.64 14184.18 -999.000000 -999.000000  -999.00
 2220.0 12 37  0.00  148.95  -68.90  -80.87   32.68 -999.00 -999.00 -999.00 -999.00    7.01 14221.13 -999.000000 -999.000000  -999.00
 2224.0 12 37  4.00  148.28  -69.13  -81.08   32.70 -999.00 -999.00 -999.00 -999.00    6.43 14248.00 -999.000000 -999.000000  -999.00
 2228.0 12 37  8.00  147.67  -69.36  -81.29   32.71 -999.00 -999.00 -999.00 -999.00    5.90 14272.44 -999.000000 -999.000000  -999.00
 2233.0 12 37 13.00  146.98  -69.61  -81.52   32.73 -999.00 -999.00 -999.00 -999.00    5.49 14300.37 -999.000000 -999.000000  -999.00
 2237.0 12 37 17.00  146.46  -69.77  -81.66   32.73   31.90  -12.96   34.44  292.12    5.40 14321.68  121.728638   25.066908  -999.00
 2242.0 12 37 22.00  145.79  -69.95  -81.83   32.74   35.46  -12.45   37.58  289.34    5.53 14348.95  121.730301   25.066334  -999.00
 2246.0 12 37 26.00  145.23  -70.08  -81.95   32.75   37.10  -12.06   39.01  288.01    5.70 14371.80  121.731743   25.065891  -999.00
 2250.0 12 37 30.00  144.66  -70.21  -82.07   32.75   36.64  -11.88   38.52  287.97    5.91 14395.11  121.733200   25.065458  -999.00
 2255.0 12 37 35.00  143.93  -70.36  -82.20   32.75 -999.00 -999.00 -999.00 -999.00    6.21 14425.14 -999.000000 -999.000000  -999.00
 2259.0 12 37 39.00  143.32  -70.46  -82.30   32.75 -999.00 -999.00 -999.00 -999.00    6.44 14450.37 -999.000000 -999.000000  -999.00
 2263.0 12 37 43.00  142.69  -70.54  -82.37   32.75   23.12  -12.67   26.36  298.73    6.63 14476.63  121.737053   25.064018  -999.00
 2268.0 12 37 48.00  141.88  -70.63  -82.45   32.75   16.91  -13.27   21.49  308.13    6.68 14510.31  121.738045   25.063433  -999.00
 2272.0 12 37 52.00  141.24  -70.70  -82.52   32.75   13.05  -13.95   19.10  316.89    6.55 14536.99  121.738640   25.062941  -999.00
 2277.0 12 37 57.00  140.48  -70.80  -82.61   32.75   10.71  -15.15   18.55  324.74    6.22 14569.10  121.739227   25.062284  -999.00
 2281.0 12 38  1.00  139.90  -70.91  -82.71   32.75 -999.00 -999.00 -999.00 -999.00    5.91 14593.44 -999.000000 -999.000000  -999.00
 2285.0 12 38  5.00  139.36  -71.02  -82.81   32.75   12.00  -17.16   20.94  325.05    5.61 14616.40  121.740128   25.061117  -999.00
 2290.0 12 38 10.00  138.73  -71.18  -82.96   32.75   14.54  -17.72   22.92  320.63    5.42 14643.44  121.740784   25.060329  -999.00
 2294.0 12 38 14.00  138.23  -71.29  -83.06   32.75   17.00  -17.54   24.43  315.90    5.44 14664.81  121.741409   25.059692  -999.00
 2298.0 12 38 18.00  137.72  -71.37  -83.14   32.75 -999.00 -999.00 -999.00 -999.00    5.53 14686.64 -999.000000 -999.000000  -999.00
 2303.0 12 38 23.00  137.06  -71.44  -83.20   32.75 -999.00 -999.00 -999.00 -999.00    5.62 14714.82 -999.000000 -999.000000  -999.00
 2307.0 12 38 27.00  136.53  -71.47  -83.23   32.75 -999.00 -999.00 -999.00 -999.00    5.54 14737.66 -999.000000 -999.000000  -999.00
 2312.0 12 38 32.00  135.89  -71.49  -83.25   32.75   23.43  -12.19   26.41  297.48    5.29 14765.42  121.745018   25.057278  -999.00
 2316.0 12 38 36.00  135.42  -71.51  -83.26   32.75   20.21  -12.41   23.71  301.54    5.03 14785.77  121.745880   25.056833  -999.00
 2320.0 12 38 40.00  134.99  -71.56  -83.31   32.75   15.77  -13.43   20.72  310.42    4.92 14804.57  121.746597   25.056368  -999.00
 2325.0 12 38 45.00  134.43  -71.66  -83.40   32.75   10.74  -15.25   18.65  324.85    4.98 14829.05  121.747253   25.055719  -999.00
 2329.0 12 38 49.00  133.96  -71.75  -83.49   32.75 -999.00 -999.00 -999.00 -999.00    5.04 14849.84 -999.000000 -999.000000  -999.00
 2333.0 12 38 53.00  133.49  -71.84  -83.57   32.75    7.92  -17.87   19.55  336.09    5.07 14870.46  121.747993   25.054523  -999.00
 2338.0 12 38 58.00  132.92  -71.92  -83.64   32.75    9.21  -18.62   20.77  333.69    5.04 14895.55  121.748413   25.053699  -999.00
 2342.0 12 39  2.00  132.48  -71.95  -83.67   32.75   11.54  -18.50   21.80  328.03    5.06 14915.36  121.748825   25.053030  -999.00
 2347.0 12 39  7.00  131.91  -71.95  -83.67   32.75 -999.00 -999.00 -999.00 -999.00    5.18 14940.73 -999.000000 -999.000000  -999.00
 2351.0 12 39 11.00  131.44  -71.95  -83.67   32.75   19.01  -16.64   25.26  311.19    5.25 14961.76  121.750191   25.051601  -999.00
 2355.0 12 39 15.00  130.96  -71.95  -83.67   32.75   22.52  -15.47   27.32  304.49    5.26 14983.16  121.751015   25.051023  -999.00
 2360.0 12 39 20.00  130.38  -71.97  -83.69   32.75   26.72  -13.86   30.11  297.42    5.12 15009.49  121.752235   25.050362  -999.00
 2364.0 12 39 24.00  129.93  -72.02  -83.73   32.75   29.84  -12.51   32.35  292.74    4.99 15029.59  121.753357   25.049885  -999.00
 2369.0 12 39 29.00  129.40  -72.12  -83.83   32.75 -999.00 -999.00 -999.00 -999.00    4.90 15053.95 -999.000000 -999.000000  -999.00
 2373.0 12 39 33.00  128.97  -72.23  -83.93   32.75 -999.00 -999.00 -999.00 -999.00    4.98 15073.42 -999.000000 -999.000000  -999.00
 2377.0 12 39 37.00  128.53  -72.33  -84.02   32.75 -999.00 -999.00 -999.00 -999.00    5.16 15093.38 -999.000000 -999.000000  -999.00
 2382.0 12 39 42.00  127.96  -72.42  -84.10   32.75 -999.00 -999.00 -999.00 -999.00    5.41 15119.77 -999.000000 -999.000000  -999.00
 2386.0 12 39 46.00  127.47  -72.48  -84.16   32.75 -999.00 -999.00 -999.00 -999.00    5.51 15142.30 -999.000000 -999.000000  -999.00
 2390.0 12 39 50.00  126.98  -72.53  -84.20   32.75   35.34   -6.75   35.98  280.81    5.43 15164.83  121.761749   25.047625  -999.00
 2395.0 12 39 55.00  126.41  -72.62  -84.28   32.76   31.40   -7.78   32.35  283.91    5.30 15191.36  121.763405   25.047297  -999.00
 2399.0 12 39 59.00  125.97  -72.69  -84.35   32.77 -999.00 -999.00 -999.00 -999.00    5.22 15211.85 -999.000000 -999.000000  -999.00
 2403.0 12 40  3.00  125.52  -72.74  -84.40   32.76 -999.00 -999.00 -999.00 -999.00    5.25 15232.43 -999.000000 -999.000000  -999.00
 2408.0 12 40  8.00  124.95  -72.77  -84.44   32.64 -999.00 -999.00 -999.00 -999.00    5.34 15259.14 -999.000000 -999.000000  -999.00
 2412.0 12 40 12.00  124.49  -72.78  -84.48   32.51 -999.00 -999.00 -999.00 -999.00    5.36 15280.96 -999.000000 -999.000000  -999.00
 2417.0 12 40 17.00  123.92  -72.77  -84.48   32.42    5.81  -17.19   18.14  341.33    5.35 15307.74  121.767464   25.044817  -999.00
 2421.0 12 40 21.00  123.48  -72.72  -84.43   32.47    4.19  -17.61   18.10  346.63    5.32 15328.83  121.767654   25.044189  -999.00
 2425.0 12 40 25.00  123.04  -72.59  -84.28   32.63    4.44  -17.53   18.08  345.79    5.31 15349.91  121.767830   25.043554  -999.00
 2430.0 12 40 30.00  122.48  -72.35  -84.04   32.75    7.51  -16.94   18.52  336.10    5.29 15376.68  121.768127   25.042776  -999.00
 2434.0 12 40 34.00  122.03  -72.16  -83.86   32.77   11.43  -16.26   19.87  324.90    5.18 15398.02  121.768501   25.042177  -999.00
 2438.0 12 40 38.00  121.61  -72.04  -83.75   32.76   15.66  -15.57   22.09  314.83    5.08 15418.53  121.769035   25.041603  -999.00
 2443.0 12 40 43.00  121.10  -71.98  -83.70   32.75   20.14  -14.89   25.05  306.48    5.05 15443.30  121.769920   25.040915  -999.00
 2447.0 12 40 47.00  120.69  -71.95  -83.67   32.75   22.56  -14.52   26.83  302.76    5.09 15463.17  121.770767   25.040384  -999.00
 2452.0 12 40 52.00  120.15  -71.93  -83.65   32.75 -999.00 -999.00 -999.00 -999.00    5.18 15489.36 -999.000000 -999.000000  -999.00
 2456.0 12 40 56.00  119.72  -71.91  -83.63   32.77 -999.00 -999.00 -999.00 -999.00    5.16 15510.83 -999.000000 -999.000000  -999.00
 2460.0 12 41  0.00  119.31  -71.89  -83.61   32.79 -999.00 -999.00 -999.00 -999.00    5.13 15531.06 -999.000000 -999.000000  -999.00
 2465.0 12 41  5.00  118.80  -71.82  -83.55   32.77 -999.00 -999.00 -999.00 -999.00    5.29 15555.96 -999.000000 -999.000000  -999.00
 2469.0 12 41  9.00  118.37  -71.72  -83.47   32.68 -999.00 -999.00 -999.00 -999.00    5.44 15577.52 -999.000000 -999.000000  -999.00
 2473.0 12 41 13.00  117.91  -71.63  -83.43   32.46 -999.00 -999.00 -999.00 -999.00    5.55 15600.22 -999.000000 -999.000000  -999.00
 2478.0 12 41 18.00  117.35  -71.55  -83.36   32.42 -999.00 -999.00 -999.00 -999.00    5.45 15628.68 -999.000000 -999.000000  -999.00
 2482.0 12 41 22.00  116.93  -71.53  -83.39   32.19    5.09  -13.86   14.76  339.84    5.26 15649.83  121.775566   25.035900  -999.00
 2487.0 12 41 27.00  116.43  -71.54  -83.41   32.10    2.56  -13.62   13.86  349.37    5.20 15674.88  121.775757   25.035280  -999.00
 2491.0 12 41 31.00  116.02  -71.57  -83.44   32.10 -999.00 -999.00 -999.00 -999.00    5.25 15695.64 -999.000000 -999.000000  -999.00
 2495.0 12 41 35.00  115.60  -71.64  -83.50   32.11 -999.00 -999.00 -999.00 -999.00    5.36 15717.19 -999.000000 -999.000000  -999.00
 2500.0 12 41 40.00  115.06  -71.78  -83.63   32.13 -999.00 -999.00 -999.00 -999.00    5.41 15744.59 -999.000000 -999.000000  -999.00
 2504.0 12 41 44.00  114.64  -71.91  -83.75   32.13 -999.00 -999.00 -999.00 -999.00    5.39 15766.16 -999.000000 -999.000000  -999.00
 2508.0 12 41 48.00  114.23  -72.06  -83.88   32.13 -999.00 -999.00 -999.00 -999.00    5.37 15787.34 -999.000000 -999.000000  -999.00
 2513.0 12 41 53.00  113.72  -72.27  -84.08   32.13 -999.00 -999.00 -999.00 -999.00    5.35 15814.06 -999.000000 -999.000000  -999.00
 2517.0 12 41 57.00  113.30  -72.44  -84.23   32.13 -999.00 -999.00 -999.00 -999.00    5.30 15835.72 -999.000000 -999.000000  -999.00
 2521.0 12 42  1.00  112.88  -72.60  -84.38   32.13    3.04   -9.33    9.81  341.94    5.22 15857.31  121.776695   25.031759  -999.00
 2526.0 12 42  6.00  112.39  -72.78  -84.54   32.13    5.69   -8.48   10.21  326.13    5.15 15883.00  121.776917   25.031357  -999.00
 2530.0 12 42 10.00  112.01  -72.92  -84.67   32.13    7.15   -7.96   10.70  318.07    5.27 15902.69  121.777168   25.031061  -999.00
 2535.0 12 42 15.00  111.50  -73.12  -84.86   32.13 -999.00 -999.00 -999.00 -999.00    5.60 15929.53 -999.000000 -999.000000  -999.00
 2539.0 12 42 19.00  111.05  -73.30  -85.02   32.13 -999.00 -999.00 -999.00 -999.00    5.81 15953.06 -999.000000 -999.000000  -999.00
 2543.0 12 42 23.00  110.60  -73.50  -85.21   32.13 -999.00 -999.00 -999.00 -999.00    5.86 15977.06 -999.000000 -999.000000  -999.00
 2548.0 12 42 28.00  110.05  -73.76  -85.44   32.13    4.17   -8.28    9.27  333.25    5.59 16006.15  121.778175   25.029741  -999.00
 2552.0 12 42 32.00  109.64  -73.95  -85.62   32.13    2.90   -8.97    9.43  342.07    5.27 16027.86  121.778320   25.029430  -999.00
 2556.0 12 42 36.00  109.26  -74.08  -85.74   32.13    2.49   -9.86   10.17  345.85    4.95 16048.10  121.778427   25.029091  -999.00
 2561.0 12 42 41.00  108.81  -74.12  -85.77   32.13    3.18  -11.03   11.48  343.93    4.78 16071.94  121.778564   25.028620  -999.00
 2565.0 12 42 45.00  108.46  -74.08  -85.74   32.13    4.37  -11.75   12.53  339.57    4.85 16090.83  121.778717   25.028208  -999.00
 2570.0 12 42 50.00  108.00  -73.98  -85.65   32.13    6.16  -12.07   13.54  332.97    5.22 16115.78  121.778976   25.027670  -999.00
 2574.0 12 42 54.00  107.59  -73.88  -85.55   32.13    7.08  -11.85   13.81  329.16    5.63 16137.65  121.779236   25.027239  -999.00
 2578.0 12 42 58.00  107.16  -73.78  -85.46   32.13 -999.00 -999.00 -999.00 -999.00    6.12 16160.98 -999.000000 -999.000000  -999.00
 2583.0 12 43  3.00  106.59  -73.69  -85.38   32.13 -999.00 -999.00 -999.00 -999.00    6.71 16192.43 -999.000000 -999.000000  -999.00
 2587.0 12 43  7.00  106.07  -73.67  -85.36   32.13 -999.00 -999.00 -999.00 -999.00    7.06 16220.62 -999.000000 -999.000000  -999.00
 2591.0 12 43 11.00  105.54  -73.69  -85.38   32.13   -3.58   -8.06    8.82   23.91    7.07 16250.19  121.779533   25.025709  -999.00
 2596.0 12 43 16.00  104.91  -73.77  -85.45   32.13   -7.94   -6.77   10.43   49.56    6.78 16284.90  121.779251   25.025375  -999.00
 2600.0 12 43 20.00  104.45  -73.87  -85.55   32.13 -999.00 -999.00 -999.00 -999.00    6.42 16310.71 -999.000000 -999.000000  -999.00
 2605.0 12 43 25.00  103.90  -74.06  -85.72   32.13 -999.00 -999.00 -999.00 -999.00    6.02 16341.69 -999.000000 -999.000000  -999.00
 2609.0 12 43 29.00  103.47  -74.25  -85.89   32.13 -999.00 -999.00 -999.00 -999.00    5.82 16365.45 -999.000000 -999.000000  -999.00
 2613.0 12 43 33.00  103.07  -74.45  -86.08   32.13 -999.00 -999.00 -999.00 -999.00    5.76 16388.41 -999.000000 -999.000000  -999.00
 2618.0 12 43 38.00  102.57  -74.71  -86.32   32.13 -999.00 -999.00 -999.00 -999.00    5.93 16416.61 -999.000000 -999.000000  -999.00
 2622.0 12 43 42.00  102.14  -74.91  -86.50   32.13 -999.00 -999.00 -999.00 -999.00    6.24 16440.56 -999.000000 -999.000000  -999.00
 2626.0 12 43 46.00  101.68  -75.09  -86.66   32.13 -999.00 -999.00 -999.00 -999.00    6.42 16467.03 -999.000000 -999.000000  -999.00
 2631.0 12 43 51.00  101.10  -75.31  -86.87   32.13 -999.00 -999.00 -999.00 -999.00    6.30 16500.06 -999.000000 -999.000000  -999.00
 2635.0 12 43 55.00  100.68  -75.46  -87.00   32.13   -1.06   -1.48    1.82   35.76    6.07 16524.28  121.777512   25.023924  -999.00
 2639.0 12 43 59.00  100.28  -75.59  -87.12   32.13    3.72   -1.30    3.93  289.23    5.82 16547.37  121.777557   25.023874  -999.00
 2644.0 12 44  4.00   99.79  -75.74  -83.21   34.00    7.99   -1.31    8.10  279.29    5.62 16575.69  121.777847   25.023815  -999.00
 2648.0 12 44  8.00   99.40  -75.88  -83.34   34.00    9.38   -1.50    9.50  279.10    5.48 16598.21  121.778198   25.023764  -999.00
 2652.0 12 44 12.00   99.02  -76.04  -83.48   34.00    9.19   -1.76    9.35  280.87    5.28 16620.15  121.778564   25.023706  -999.00
 2657.0 12 44 17.00   98.58  -76.25  -83.68   34.00    7.13   -2.02    7.41  285.84    5.02 16645.98  121.778969   25.023621  -999.00
 2661.0 12 44 21.00   98.25  -76.41  -83.82   34.00 -999.00 -999.00 -999.00 -999.00    4.86 16665.47 -999.000000 -999.000000  -999.00
 2666.0 12 44 26.00   97.84  -76.60  -84.00   34.00    1.48   -2.39    2.81  328.23    4.86 16689.26  121.779350   25.023441  -999.00
 2670.0 12 44 30.00   97.51  -76.76  -84.16   34.00   -0.16   -2.73    2.74    3.28    5.01 16708.97  121.779381   25.023348  -999.00
 2674.0 12 44 34.00   97.16  -76.94  -84.32   34.00 -999.00 -999.00 -999.00 -999.00    5.25 16729.51 -999.000000 -999.000000  -999.00
 2679.0 12 44 39.00   96.71  -77.14  -84.50   34.00 -999.00 -999.00 -999.00 -999.00    5.60 16756.23 -999.000000 -999.000000  -999.00
 2683.0 12 44 43.00   96.32  -77.28  -84.63   34.00 -999.00 -999.00 -999.00 -999.00    5.88 16779.22 -999.000000 -999.000000  -999.00
 2687.0 12 44 47.00   95.91  -77.39  -84.73   34.00 -999.00 -999.00 -999.00 -999.00    5.98 16803.70 -999.000000 -999.000000  -999.00
 2692.0 12 44 52.00   95.41  -77.46  -84.80   34.00    4.40   -6.73    8.04  326.87    5.86 16833.91  121.779839   25.022408  -999.00
 2696.0 12 44 56.00   95.03  -77.47  -84.81   34.00    6.82   -7.48   10.12  317.61    5.66 16856.77  121.780060   25.022152  -999.00
 2701.0 12 45  1.00   94.58  -77.44  -84.79   34.00   10.05   -8.31   13.04  309.57    5.48 16883.99  121.780479   25.021795  -999.00
 2705.0 12 45  5.00   94.22  -77.38  -84.73   34.00   12.36   -8.93   15.25  305.84    5.50 16905.47  121.780922   25.021484  -999.00
 2709.0 12 45  9.00   93.86  -77.29  -84.64   34.00   14.08   -9.54   17.01  304.11    5.57 16927.44  121.781448   25.021151  -999.00
 2714.0 12 45 14.00   93.39  -77.19  -84.55   34.00 -999.00 -999.00 -999.00 -999.00    5.65 16956.11 -999.000000 -999.000000  -999.00
 2718.0 12 45 18.00   93.02  -77.15  -84.51   34.00 -999.00 -999.00 -999.00 -999.00    5.61 16979.33 -999.000000 -999.000000  -999.00
 2722.0 12 45 22.00   92.66  -77.14  -84.50   34.00 -999.00 -999.00 -999.00 -999.00    5.56 17001.18 -999.000000 -999.000000  -999.00
 2727.0 12 45 27.00   92.23  -77.14  -84.50   34.00 -999.00 -999.00 -999.00 -999.00    5.68 17028.08 -999.000000 -999.000000  -999.00
 2731.0 12 45 31.00   91.85  -77.12  -84.49   34.00 -999.00 -999.00 -999.00 -999.00    5.78 17051.49 -999.000000 -999.000000  -999.00
 2735.0 12 45 35.00   91.47  -77.11  -84.48   34.00    4.17  -11.93   12.64  340.74    5.80 17075.45  121.783798   25.018631  -999.00
 2740.0 12 45 40.00   91.01  -77.11  -84.47   34.00   -0.28  -12.27   12.27    1.29    5.71 17104.21  121.783897   25.018084  -999.00
 2744.0 12 45 44.00   90.66  -77.10  -84.47   34.00 -999.00 -999.00 -999.00 -999.00    5.56 17126.51 -999.000000 -999.000000  -999.00
 2748.0 12 45 48.00   90.31  -77.08  -84.44   34.00 -999.00 -999.00 -999.00 -999.00    5.44 17148.48 -999.000000 -999.000000  -999.00
 2753.0 12 45 53.00   89.89  -77.00  -84.38   34.00 -999.00 -999.00 -999.00 -999.00    5.35 17175.64 -999.000000 -999.000000  -999.00
 2757.0 12 45 57.00   89.55  -76.95  -84.33   34.00 -999.00 -999.00 -999.00 -999.00    5.33 17197.00 -999.000000 -999.000000  -999.00
 2762.0 12 46  2.00   89.14  -76.96  -84.34   34.00 -999.00 -999.00 -999.00 -999.00    5.52 17223.41 -999.000000 -999.000000  -999.00
 2766.0 12 46  6.00   88.80  -77.01  -84.38   34.00   -0.81   -9.15    9.18    5.04    5.84 17245.69  121.783752   25.015572  -999.00
 2770.0 12 46 10.00   88.43  -77.08  -84.45   34.00    0.10   -8.62    8.62  359.34    6.14 17269.75  121.783745   25.015251  -999.00
 2775.0 12 46 15.00   87.93  -77.18  -84.54   34.00    0.75   -8.31    8.35  354.83    6.37 17301.90  121.783760   25.014868  -999.00
 2779.0 12 46 19.00   87.54  -77.25  -84.60   34.00 -999.00 -999.00 -999.00 -999.00    6.29 17327.77 -999.000000 -999.000000  -999.00
 2783.0 12 46 23.00   87.17  -77.26  -84.61   34.00    0.83   -8.36    8.40  354.35    6.09 17352.14  121.783829   25.014265  -999.00
 2788.0 12 46 28.00   86.72  -77.17  -84.53   34.00    0.54   -8.55    8.57  356.39    5.75 17381.58  121.783859   25.013885  -999.00
 2792.0 12 46 32.00   86.37  -77.03  -84.41   34.00    0.51   -8.72    8.73  356.65    5.42 17404.78  121.783882   25.013573  -999.00
 2796.0 12 46 36.00   86.05  -76.87  -84.26   34.00    0.97   -8.86    8.91  353.76    5.11 17425.81  121.783913   25.013254  -999.00
 2801.0 12 46 41.00   85.70  -76.69  -84.08   34.00    2.21   -8.87    9.14  346.04    5.07 17449.62  121.783989   25.012856  -999.00
 2805.0 12 46 45.00   85.40  -76.57  -83.97   34.00    3.23   -8.59    9.17  339.41    5.24 17469.91  121.784096   25.012541  -999.00
 2809.0 12 46 49.00   85.07  -76.46  -83.88   34.00    3.81   -7.88    8.75  334.21    5.45 17491.89  121.784233   25.012241  -999.00
 2814.0 12 46 54.00   84.65  -76.30  -83.72   34.00    3.64   -6.43    7.39  330.50    5.54 17520.48  121.784416   25.011919  -999.00
 2818.0 12 46 58.00   84.32  -76.09  -83.53   34.00 -999.00 -999.00 -999.00 -999.00    5.43 17542.67 -999.000000 -999.000000  -999.00
 2823.0 12 47  3.00   83.94  -75.75  -83.22   34.00    1.35   -3.28    3.54  337.62    5.43 17568.91  121.784645   25.011524  -999.00
 2827.0 12 47  7.00   83.63  -75.47  -82.95   34.00   -0.09   -1.96    1.96    2.69    5.55 17590.17  121.784668   25.011431  -999.00
 2831.0 12 47 11.00   83.31  -75.22  -82.73   34.00 -999.00 -999.00 -999.00 -999.00    5.75 17612.67 -999.000000 -999.000000  -999.00
 2836.0 12 47 16.00   82.88  -75.03  -82.55   34.00   -2.37    0.78    2.50  108.12    5.84 17642.94  121.784554   25.011381  -999.00
 2840.0 12 47 20.00   82.54  -74.96  -82.48   34.00   -2.58    1.88    3.19  126.01    5.69 17666.73  121.784454   25.011431  -999.00
 2844.0 12 47 24.00   82.23  -74.94  -82.47   34.00   -2.38    2.87    3.73  140.39    5.61 17688.59  121.784363   25.011517  -999.00
 2849.0 12 47 29.00   81.84  -74.99  -82.52   34.00 -999.00 -999.00 -999.00 -999.00    5.71 17715.58 -999.000000 -999.000000  -999.00
 2853.0 12 47 33.00   81.52  -75.08  -82.60   34.00   -0.66    4.53    4.58  171.75    5.95 17738.65  121.784225   25.011818  -999.00
 2857.0 12 47 37.00   81.17  -75.19  -82.70   34.00    0.88    4.83    4.91  190.30    6.16 17763.74  121.784225   25.011986  -999.00
 2862.0 12 47 42.00   80.72  -75.34  -82.84   34.00    3.66    4.68    5.94  217.99    6.05 17795.62  121.784340   25.012199  -999.00
 2866.0 12 47 46.00   80.40  -75.48  -82.96   34.00 -999.00 -999.00 -999.00 -999.00    5.86 17819.02 -999.000000 -999.000000  -999.00
 2870.0 12 47 50.00   80.09  -75.62  -83.10   34.00 -999.00 -999.00 -999.00 -999.00    5.68 17841.34 -999.000000 -999.000000  -999.00
 2875.0 12 47 55.00   79.70  -75.78  -83.25   34.00 -999.00 -999.00 -999.00 -999.00    5.57 17869.27 -999.000000 -999.000000  -999.00
 2879.0 12 47 59.00   79.39  -75.87  -83.33   34.00   10.92    2.52   11.20  257.02    5.54 17891.78  121.785568   25.012753  -999.00
 2884.0 12 48  4.00   79.01  -75.91  -83.37   34.00    9.85    2.19   10.09  257.46    5.45 17919.70  121.786079   25.012859  -999.00
 2888.0 12 48  8.00   78.71  -75.91  -83.36   34.00 -999.00 -999.00 -999.00 -999.00    5.43 17941.40 -999.000000 -999.000000  -999.00
 2892.0 12 48 12.00   78.42  -75.88  -83.34   34.00 -999.00 -999.00 -999.00 -999.00    5.51 17962.87 -999.000000 -999.000000  -999.00
 2897.0 12 48 17.00   78.05  -75.82  -83.28   34.00    1.46    1.60    2.17  222.49    5.81 17990.45  121.786812   25.013081  -999.00
 2901.0 12 48 21.00   77.72  -75.77  -83.24   34.00   -0.51    0.83    0.98  148.28    6.18 18014.40  121.786827   25.013124  -999.00
 2905.0 12 48 25.00   77.38  -75.73  -83.20   34.00   -1.82   -0.05    1.82   88.31    6.44 18040.23  121.786781   25.013140  -999.00
 2910.0 12 48 30.00   76.93  -75.70  -83.17   34.00   -2.63   -0.88    2.77   71.44    6.59 18073.50  121.786674   25.013119  -999.00
 2914.0 12 48 34.00   76.58  -75.70  -83.17   34.00   -2.78   -1.08    2.98   68.82    6.54 18099.84  121.786568   25.013083  -999.00
 2918.0 12 48 38.00   76.24  -75.69  -83.17   34.00   -2.83   -0.89    2.97   72.56    6.49 18125.43  121.786453   25.013046  -999.00
 2923.0 12 48 43.00   75.82  -75.68  -83.15   34.00   -3.25   -0.22    3.25   86.15    6.55 18157.48  121.786308   25.013021  -999.00
 2927.0 12 48 47.00   75.48  -75.67  -83.14   34.00   -4.02    0.57    4.06   98.03    6.63 18183.95  121.786163   25.013029  -999.00
 2931.0 12 48 51.00   75.12  -75.67  -83.14   34.00   -4.91    1.47    5.12  106.63    6.69 18210.92  121.785980   25.013065  -999.00
 2936.0 12 48 56.00   74.69  -75.71  -83.18   34.00   -5.67    2.58    6.23  114.50    6.65 18244.55  121.785721   25.013157  -999.00
 2940.0 12 49  0.00   74.35  -75.77  -83.23   34.00 -999.00 -999.00 -999.00 -999.00    6.56 18270.67 -999.000000 -999.000000  -999.00
 2945.0 12 49  5.00   73.94  -75.83  -83.29   34.00 -999.00 -999.00 -999.00 -999.00    6.40 18303.01 -999.000000 -999.000000  -999.00
 2949.0 12 49  9.00   73.60  -75.87  -83.33   34.00   -5.05    4.48    6.75  131.55    6.20 18329.00  121.785034   25.013571  -999.00
 2953.0 12 49 13.00   73.29  -75.94  -83.39   34.00   -4.41    4.61    6.38  136.28    5.97 18353.69  121.784843   25.013735  -999.00
 2958.0 12 49 18.00   72.93  -76.05  -83.50   34.00   -3.09    4.53    5.48  145.73    5.96 18382.36  121.784660   25.013941  -999.00
 2962.0 12 49 22.00   72.64  -76.11  -83.55   34.00   -1.43    4.32    4.55  161.73    6.19 18405.54  121.784569   25.014101  -999.00
 2966.0 12 49 26.00   72.32  -76.09  -83.53   34.00    0.52    4.03    4.06  187.41    6.57 18430.70  121.784554   25.014252  -999.00
 2971.0 12 49 31.00   71.88  -75.93  -83.39   34.00    2.43    3.56    4.31  214.32    6.82 18466.12  121.784622   25.014423  -999.00
 2975.0 12 49 35.00   71.53  -75.79  -83.26   34.00 -999.00 -999.00 -999.00 -999.00    6.64 18494.22 -999.000000 -999.000000  -999.00
 2979.0 12 49 39.00   71.22  -75.71  -83.18   34.00    2.15    2.70    3.45  218.56    6.41 18519.54  121.784805   25.014648  -999.00
 2984.0 12 49 44.00   70.84  -75.68  -83.16   34.00    0.68    2.24    2.34  196.92    6.19 18550.23  121.784874   25.014759  -999.00
 2988.0 12 49 48.00   70.53  -75.65  -83.13   34.00 -999.00 -999.00 -999.00 -999.00    6.18 18575.21 -999.000000 -999.000000  -999.00
 2992.0 12 49 52.00   70.23  -75.54  -83.02   34.00 -999.00 -999.00 -999.00 -999.00    6.35 18599.98 -999.000000 -999.000000  -999.00
 2997.0 12 49 57.00   69.85  -75.31  -82.81   34.00   -1.71    2.18    2.77  141.84    6.79 18631.86  121.784813   25.015020  -999.00
 3001.0 12 50  1.00   69.51  -75.15  -82.66   34.00   -1.85    2.63    3.21  144.92    7.11 18659.60  121.784737   25.015106  -999.00
 3006.0 12 50  6.00   69.07  -75.01  -82.53   34.00 -999.00 -999.00 -999.00 -999.00    7.25 18696.85 -999.000000 -999.000000  -999.00
 3010.0 12 50 10.00   68.71  -74.93  -82.46   34.00   -1.54    3.71    4.01  157.40    6.93 18726.79  121.784592   25.015364  -999.00
 3014.0 12 50 14.00   68.40  -74.88  -82.41   34.00   -1.35    3.77    4.00  160.33    6.40 18753.49  121.784531   25.015499  -999.00
 3019.0 12 50 19.00   68.05  -74.82  -82.35   34.00 -999.00 -999.00 -999.00 -999.00    6.03 18782.77 -999.000000 -999.000000  -999.00
 3023.0 12 50 23.00   67.78  -74.78  -82.32   34.00   -1.01    2.77    2.95  159.92    6.03 18806.05  121.784424   25.015764  -999.00
 3027.0 12 50 27.00   67.49  -74.75  -82.29   34.00   -0.93    1.96    2.17  154.63    6.31 18830.60  121.784386   25.015850  -999.00
 3032.0 12 50 32.00   67.11  -74.71  -82.25   34.00   -0.98    0.77    1.25  128.38    6.63 18863.56  121.784340   25.015911  -999.00
 3036.0 12 50 36.00   66.80  -74.64  -82.19   34.00   -1.22   -0.23    1.24   79.53    6.74 18890.76  121.784294   25.015921  -999.00
 3040.0 12 50 40.00   66.49  -74.55  -82.11   34.00 -999.00 -999.00 -999.00 -999.00    6.66 18917.86 -999.000000 -999.000000  -999.00
 3045.0 12 50 45.00   66.11  -74.46  -82.02   34.00 -999.00 -999.00 -999.00 -999.00    6.33 18950.73 -999.000000 -999.000000  -999.00
 3049.0 12 50 49.00   65.83  -74.42  -81.98   34.00 -999.00 -999.00 -999.00 -999.00    5.94 18975.33 -999.000000 -999.000000  -999.00
 3053.0 12 50 53.00   65.58  -74.42  -81.99   34.00 -999.00 -999.00 -999.00 -999.00    5.60 18997.85 -999.000000 -999.000000  -999.00
 3058.0 12 50 58.00   65.28  -74.46  -82.02   34.00   -4.34   -4.34    6.14   45.00    5.36 19024.85  121.783691   25.015469  -999.00
 3062.0 12 51  2.00   65.03  -74.46  -82.02   34.00   -4.56   -4.51    6.41   45.29    5.26 19046.51  121.783516   25.015308  -999.00
 3066.0 12 51  6.00   64.80  -74.40  -81.97   34.00 -999.00 -999.00 -999.00 -999.00    5.28 19067.54 -999.000000 -999.000000  -999.00
 3071.0 12 51 11.00   64.51  -74.24  -81.82   34.00 -999.00 -999.00 -999.00 -999.00    5.51 19093.63 -999.000000 -999.000000  -999.00
 3075.0 12 51 15.00   64.26  -74.06  -81.65   34.00   -3.09   -3.71    4.83   39.78    5.76 19116.19  121.783020   25.014826  -999.00
 3079.0 12 51 19.00   63.99  -73.89  -81.50   34.00   -1.85   -3.41    3.88   28.43    5.99 19140.26  121.782921   25.014696  -999.00
 3084.0 12 51 24.00   63.65  -73.76  -81.38   34.00   -0.23   -3.08    3.08    4.35    6.14 19171.26  121.782875   25.014549  -999.00
 3088.0 12 51 28.00   63.39  -73.69  -81.31   34.00 -999.00 -999.00 -999.00 -999.00    6.16 19195.59 -999.000000 -999.000000  -999.00
 3093.0 12 51 33.00   63.07  -73.54  -81.17   34.00 -999.00 -999.00 -999.00 -999.00    6.32 19225.49 -999.000000 -999.000000  -999.00
 3097.0 12 51 37.00   62.79  -73.27  -80.92   34.00    1.21   -2.13    2.45  330.28    6.41 19250.85  121.782936   25.014244  -999.00
 3101.0 12 51 41.00   62.51  -72.83  -80.52   34.00    1.02   -1.82    2.09  330.87    6.29 19276.93  121.782982   25.014174  -999.00
 3106.0 12 51 46.00   62.19  -72.13  -79.86   34.00 -999.00 -999.00 -999.00 -999.00    5.54 19307.70 -999.000000 -999.000000  -999.00
 3110.0 12 51 50.00   61.97  -71.58  -79.36   34.00 -999.00 -999.00 -999.00 -999.00    4.38 19328.76 -999.000000 -999.000000  -999.00
 3114.0 12 51 54.00   61.80  -71.16  -78.97   34.00    0.32   -1.25    1.30  345.62    3.08 19344.74  121.783066   25.013992  -999.00
 3119.0 12 51 59.00   61.69  -70.86  -78.69   34.00    0.35   -1.43    1.47  346.34    1.66 19354.75  121.783081   25.013931  -999.00
 3123.0 12 52  3.00   61.68  -70.78  -78.62   34.00 -999.00 -999.00 -999.00 -999.00    1.30 19356.03 -999.000000 -999.000000  -999.00
