  ILM8601240523.TEN
   1024.55   0      2.42   0     69.27   0      1.54   0     -3.72   0        9.   34.2727  -77.9100     -2.60
   1014.18   0      2.67   0     53.60   2     -4.39   1    -11.40   1       91.   34.2720  -77.9102     -5.75
   1007.39   0      2.35   0     53.53   1     -5.68   1    -13.27   0      145.   34.2709  -77.9107     -6.07
    999.92   0      1.92   0     53.12   1     -6.85   1    -11.88   0      205.   34.2698  -77.9114     -6.58
    992.82   1      1.60   0     51.70   1     -7.58   1    -13.74   1      263.   34.2686  -77.9122     -7.22
    985.99   1      1.45   0     49.71   1    -11.31   1    -18.12   1      318.   34.2672  -77.9132     -7.87
    978.90   0      1.40   0     42.60   3    -12.58   1    -18.56   0      376.   34.2656  -77.9145     -9.88
    971.86   0      1.66   0     29.76   0     -9.25   9    -16.01   9      435.   34.2640  -77.9157    -14.10
    965.28   0      2.66   0     22.08   1    999.90   9    999.90   9      489.   34.2664  -77.9257    -16.83
    958.69   0      3.35   0     20.55   1    999.90   9    999.90   9      545.   34.2704  -77.9451    -17.10
    951.96   0      3.22   0     19.98   0    999.90   9    999.90   9      602.   34.2741  -77.9630    -17.54
    944.94   0      2.90   0     19.26   0    999.90   9    999.90   9      662.   34.2772  -77.9805    -18.24
    938.35   0      2.60   0     18.23   1    999.90   9    999.90   9      718.   34.2796  -77.9985    -19.14
    932.32   0      2.41   0     15.37   0    999.90   9    999.90   9      770.   34.2815  -78.0171    -21.27
    926.04   0      2.40   0     12.85   1    999.90   9    999.90   9      825.   34.2831  -78.0360    -23.31
    919.86   0      2.35   0     11.98   1    999.90   9    999.90   9      879.   34.2847  -78.0551    -24.14
    913.88   0      2.28   0     10.79   1    999.90   9    999.90   9      931.   34.2864  -78.0743    -25.37
    907.91   0      2.23   0     12.25   1    999.90   9    999.90   9      984.   34.2878  -78.0910    -23.99
    901.92   0      2.09   0     13.62   1    999.90   9    999.90   9     1038.   34.2884  -78.1022    -22.91
    896.07   0      1.85   0     10.59   2    999.90   9    999.90   9     1090.   34.2882  -78.1074    -25.91
    890.58   0      1.60   0      9.99   1     -7.49   7     -8.82   7     1139.   34.2875  -78.1089    -26.75
    884.57   0      1.31   0     11.69   1     -6.81   7     -8.67   7     1194.   34.2867  -78.1097    -25.26
    878.14   0      0.92   0     12.24   0     -6.14   7     -8.53   7     1253.   34.2859  -78.1104    -25.05
    871.96   0      0.53   0     12.00   0     -5.78   7     -9.07   7     1309.   34.2851  -78.1110    -25.59
    866.53   0      0.25   0     13.77   1     -5.46   7     -9.67   7     1359.   34.2843  -78.1116    -24.28
    861.21   0      0.06   0     17.88   2     -5.13   7    -10.27   7     1408.   34.2834  -78.1122    -21.49
    855.47   0     -0.17   0     24.03   0     -4.20   7     -9.88   7     1462.   34.2825  -78.1127    -18.25
    850.02   0     -0.36   0     33.59   2     -3.25   7     -9.46   7     1513.   34.2816  -78.1131    -14.41
    844.74   0     -0.57   0     49.48   2     -2.31   7     -9.04   7     1563.   34.2808  -78.1134     -9.80
    838.90   0     -0.54   0     64.07   5     -1.52   7     -8.10   7     1618.   34.2800  -78.1136     -6.46
    833.55   0     -0.52   0     70.75   1     -0.76   7     -7.10   7     1669.   34.2793  -78.1138     -5.15
    828.11   0     -0.79   0     72.44   0     -0.01   7     -6.09   7     1722.   34.2788  -78.1138     -5.09
    822.69   0     -1.21   0     75.06   1      0.17   7     -5.65   7     1774.   34.2782  -78.1138     -5.03
    817.82   0     -1.64   0     78.09   1      0.29   7     -5.25   7     1822.   34.2777  -78.1138     -4.94
    812.68   1     -2.03   0     80.25   1      0.41   7     -4.86   7     1872.   34.2773  -78.1137     -4.95
    807.69   1     -2.30   0     82.27   1      1.27   7     -4.01   7     1921.   34.2769  -78.1137     -4.89
    802.38   1     -2.52   0     83.56   0      2.20   7     -3.12   7     1973.   34.2766  -78.1135     -4.90
    797.15   0     -2.80   0     84.41   0      3.13   7     -2.23   7     2025.   34.2989  -78.1528     -5.04
    791.73   1     -3.12   0     86.74   2      4.14   7     -1.63   7     2079.   34.2987  -78.1524     -5.00
    786.67   0     -3.25   0     83.43   3      5.19   7     -1.20   7     2130.   34.2986  -78.1519     -5.64
    781.58   0     -3.14   0     69.27   3      6.24   7     -0.78   7     2181.   34.2985  -78.1513     -7.94
    776.87   1     -2.79   0     48.62   2      6.89   7     -1.30   7     2229.   34.2984  -78.1506    -12.08
    771.66   0     -2.37   0     33.42   4      7.45   7     -2.04   7     2282.   34.2982  -78.1498    -16.26
    766.65   0     -2.04   0     24.97   1      8.02   7     -2.79   7     2334.   34.2980  -78.1489    -19.41
    762.58   0     -1.95   0     22.85   1      8.36   7     -3.02   7     2376.   34.2977  -78.1480    -20.37
    757.83   0     -1.97   0     19.95   1      8.69   7     -3.22   7     2426.   34.2975  -78.1471    -21.94
    753.18   1     -2.11   0     17.48   1      9.02   7     -3.42   7     2475.   34.2972  -78.1461    -23.55
    748.94   0     -2.24   0     15.74   0      8.86   7     -3.48   7     2520.   34.2968  -78.1452    -24.83
    744.19   0     -2.39   0     14.37   0      8.60   7     -3.51   7     2570.   34.2965  -78.1442    -25.96
    739.28   0     -2.63   0     13.73   0      8.35   7     -3.54   7     2622.   34.2962  -78.1433    -26.66
    734.56   0     -2.89   0     12.50   0      8.26   7     -3.50   7     2673.   34.2959  -78.1424    -27.88
    729.91   0     -3.15   0     11.34   0      8.18   7     -3.46   7     2723.   34.2956  -78.1415    -29.15
    725.16   0     -3.48   0     11.00   0      8.10   7     -3.41   7     2775.   34.2953  -78.1406    -29.73
    720.43   0     -3.88   0     11.00   0      7.52   0     -3.80   0     2827.   34.2239  -77.9199    -30.05
    715.81   0     -4.23   0     11.00   0      6.88   0     -1.35   0     2877.   34.2237  -77.9191    -30.33
    711.34   0     -4.48   0     10.53   0      7.77   0     -2.21   0     2927.   34.2235  -77.9183    -30.99
    706.61   0     -4.79   0      9.82   0      7.51   1     -2.31   0     2979.   34.2233  -77.9175    -31.97
    701.85   0     -5.18   0      9.34   0      6.17   0     -0.38   0     3032.   34.2232  -77.9168    -32.79
    697.45   0     -5.55   0      8.55   0      7.43   0     -1.04   0     3081.   34.2231  -77.9160    -33.99
    693.07   0     -5.57   0      5.80   0      8.92   0     -2.26   0     3131.   34.2230  -77.9151    -37.91
    688.78   0     -5.16   0      2.92   1     10.24   0     -3.84   0     3180.   34.2227  -77.9141    -44.17
    684.44   0     -4.47   0      1.04   0     10.47   1     -5.53   1     3229.   34.2223  -77.9130    -52.91
    679.59   0     -4.71   0      1.38   0      9.89   1     -7.24   1     3285.   34.2217  -77.9119    -50.61
    675.00   0     -5.16   0      2.77   1     10.43   8     -7.89   8     3338.   34.2211  -77.9108    -44.69
    670.59   0     -5.64   0      4.53   1     10.97   8     -8.54   8     3390.   34.2203  -77.9096    -40.36
    666.15   0     -6.16   0      6.30   1     11.51   0     -9.19   0     3442.   34.2195  -77.9084    -37.53
    662.32   0     -6.59   0      7.75   1      9.00   0     -6.50   0     3487.   34.2188  -77.9073    -35.80
    658.62   0     -6.98   0      8.94   1      9.65   0     -6.56   0     3530.   34.2182  -77.9062    -34.66
    654.97   0     -7.35   0      9.56   1      9.07   0     -7.02   0     3574.   34.2176  -77.9052    -34.28
    650.89   0     -7.73   0      9.98   1      9.07   0     -5.47   0     3622.   34.2171  -77.9042    -34.14
    646.45   0     -8.13   0      9.50   2      8.42   0     -3.11   0     3675.   34.2167  -77.9033    -34.95
    641.84   1     -8.46   0      7.09   1      9.39   1     -3.37   1     3731.   34.2164  -77.9023    -38.13
    637.49   0     -8.73   0      5.00   0      8.73   1     -1.88   1     3784.   34.2161  -77.9013    -41.72
    633.52   1     -9.06   0      4.72   0     10.84   1     -2.10   1     3832.   34.2160  -77.9003    -42.50
    629.27   0     -9.35   0      3.93   0     11.40   1      0.35   1     3884.   34.2159  -77.8991    -44.43
    625.27   0     -9.61   0      3.17   0     12.90   1     -0.43   0     3933.   34.2159  -77.8978    -46.60
    620.87   1     -9.93   0      4.04   1     16.20   0     -2.08   0     3988.   34.2158  -77.8962    -44.62
    616.05   1    -10.36   0      6.03   0     15.68   1     -0.49   1     4048.   34.2156  -77.8944    -41.17
    611.59   0    -10.73   0      7.49   1     12.27   1      2.50   1     4103.   34.2157  -77.8929    -39.36
    606.92   0    -10.95   0      7.21   0     13.97   0      0.67   0     4162.   34.2159  -77.8915    -39.88
    602.26   0    -11.27   0      5.60   0     15.04   0      0.38   0     4221.   34.2159  -77.8899    -42.56
    597.97   0    -11.24   0      3.09   0     12.58   1      3.24   1     4276.   34.2161  -77.8884    -48.00
    594.31   0    -10.91   0      1.26   0     12.24   8      2.01   8     4323.   34.2163  -77.8871    -55.49
    590.87   0    -10.75   0      1.00   0     11.90   8      0.78   8     4368.   34.2165  -77.8857    -57.31
    587.13   0    -10.84   0      1.00   0     11.57   1     -0.46   1     4417.   34.2165  -77.8845    -57.37
    583.08   0    -11.15   0      1.00   0     10.00   1      1.10   1     4470.   34.2165  -77.8833    -57.58
    578.91   0    -11.45   0      1.00   0     13.31   1     -2.04   1     4525.   34.2165  -77.8820    -57.77
    574.86   0    -11.69   0      1.00   0     12.71   1     -0.27   1     4579.   34.2164  -77.8806    -57.93
    571.44   0    -11.94   0      1.00   0     14.97   1     -2.41   1     4624.   34.2162  -77.8791    -58.09
    568.50   0    -12.15   0      1.00   0     18.89   0     -5.78   0     4664.   34.2159  -77.8773    -58.23
    565.32   0    -12.31   0      1.00   0     18.49   0     -5.34   0     4706.   34.2154  -77.8753    -58.33
    561.55   0    -12.51   0      1.00   0     18.36   0     -3.11   0     4757.   34.2150  -77.8732    -58.46
    558.10   0    -12.69   0      1.00   0     18.19   0     -1.59   0     4804.   34.2148  -77.8713    -58.58
    554.87   0    -12.89   0      1.00   0     17.07   0     -0.78   0     4849.   34.2147  -77.8693    -58.71
    551.36   0    -13.11   0      1.00   0     17.16   1     -0.13   1     4897.   34.2146  -77.8675    -58.86
    548.21   0    -13.35   0      1.00   0     16.02   1      2.01   1     4941.   34.2147  -77.8657    -59.01
    545.51   0    -13.61   0      1.00   0     13.86   1      3.93   1     4978.   34.2150  -77.8641    -59.18
    542.46   0    -13.88   0      1.00   0     16.06   0      1.44   0     5021.   34.2152  -77.8624    -59.36
    539.08   0    -14.26   0      1.00   0     15.60   0      1.57   0     5068.   34.2153  -77.8607    -59.61
    535.04   0    -14.78   0      1.00   0     16.38   0      0.90   0     5125.   34.2155  -77.8590    -59.95
    531.23   0    -15.32   0      1.00   0     17.61   0     -0.10   0     5179.   34.2155  -77.8571    -60.31
    528.60   0    -15.65   0      1.00   0     18.31   0     -1.88   0     5217.   34.2154  -77.8552    -60.52
    525.66   0    -16.00   0      1.00   0     17.49   0     -0.54   0     5259.   34.2153  -77.8532    -60.75
    522.66   0    -16.36   0      1.00   0     18.38   0     -0.35   0     5302.   34.2153  -77.8513    -60.99
    519.96   0    -16.68   0      1.26   0     18.53   0     -0.27   0     5340.   34.2152  -77.8493    -59.37
    517.19   0    -17.04   0      1.77   0     18.75   0     -0.58   0     5381.   34.2152  -77.8472    -56.84
    514.24   0    -17.45   0      2.00   0     20.80   0     -3.22   0     5423.   34.2150  -77.8451    -56.14
    511.31   0    -17.85   0      2.00   0     19.14   0     -1.89   0     5466.   34.2148  -77.8429    -56.41
    508.39   0    -18.27   0      2.00   0     17.49   0      0.88   0     5509.   34.2147  -77.8409    -56.71
    505.71   0    -18.66   0      2.00   0     17.89   0      0.28   0     5548.   34.2148  -77.8390    -56.98
    502.96   0    -19.01   0      2.00   0     18.12   0     -0.20   0     5589.   34.2148  -77.8370    -57.23
    500.06   0    -19.38   0      1.80   1     19.78   0     -0.96   0     5632.   34.2148  -77.8350    -58.35
    497.13   0    -19.75   0      1.83   0     19.44   0     -1.15   0     5675.   34.2147  -77.8328    -58.46
    494.46   0    -20.08   0      2.00   0     19.90   0     -1.76   0     5715.   34.2145  -77.8307    -57.98
    491.34   0    -20.50   0      2.14   0     20.81   0     -2.08   0     5762.   34.2144  -77.8285    -57.72
    487.88   0    -21.02   0      2.33   1     21.03   0     -2.86   0     5814.   34.2141  -77.8262    -57.38
    485.07   0    -21.44   0      2.67   0     20.97   0     -2.56   0     5857.   34.2139  -77.8239    -56.58
    481.57   0    -21.89   0      3.52   1     20.80   8     -3.01   8     5910.   34.2136  -77.8217    -54.62
    477.96   0    -22.37   0      4.81   0     20.64   0     -3.47   0     5966.   34.2133  -77.8194    -52.33
    475.45   0    -22.64   0      7.94   0     21.87   0     -5.56   0     6004.   34.2129  -77.8171    -48.14
    472.84   0    -22.89   0     10.63   1     20.88   0     -4.15   0     6045.   34.2125  -77.8148    -45.69
    470.19   0    -23.17   0     12.22   1     22.61   0     -4.74   1     6086.   34.2121  -77.8124    -44.63
    467.58   0    -23.45   0     12.37   1     22.15   0     -4.65   0     6126.   34.2117  -77.8100    -44.75
    464.94   0    -23.71   0     10.69   1     20.66   1     -4.46   0     6168.   34.2113  -77.8077    -46.31
    462.10   0    -23.96   0     10.08   1     22.27   1     -5.82   1     6213.   34.2108  -77.8053    -47.05
    459.28   0    -24.25   0     10.75   0     21.57   1     -5.55   1     6257.   34.2103  -77.8029    -46.69
    456.01   0    -24.68   0     12.80   1     22.42   1     -5.88   1     6309.   34.2098  -77.8006    -45.45
    452.32   0    -25.22   0     16.02   0     23.10   1     -6.87   1     6368.   34.2092  -77.7981    -43.83
    449.30   0    -25.69   0     18.41   1     19.72   1     -2.44   1     6417.   34.2088  -77.7958    -42.92
    446.61   0    -26.05   0     20.23   1     19.29   1     -0.93   1     6460.   34.2086  -77.7936    -42.34
    444.00   0    -26.34   0     21.00   0     20.23   1     -3.19   1     6503.   34.2085  -77.7915    -42.24
    441.40   0    -26.64   0     21.00   0     25.15   0     -7.98   1     6545.   34.2080  -77.7890    -42.50
    438.99   0    -26.87   0     21.21   0     25.16   0     -7.33   0     6585.   34.2073  -77.7863    -42.60
    436.61   0    -27.11   0     21.23   0     26.07   0     -8.86   0     6624.   34.2065  -77.7835    -42.80
    434.24   0    -27.43   0     21.00   0     26.73   0     -9.71   0     6663.   34.2057  -77.7806    -43.18
    431.80   0    -27.78   0     21.00   0     25.21   0     -8.60   0     6703.   34.2049  -77.7778    -43.48
    429.26   0    -28.17   0     21.00   0     22.75   0     -6.31   0     6746.   34.2042  -77.7752    -43.82
    426.91   0    -28.53   0     20.82   0     22.87   0     -6.30   0     6785.   34.2036  -77.7727    -44.21
    424.50   0    -28.83   0     19.70   1     23.82   0     -6.25   0     6826.   34.2031  -77.7702    -44.98
    422.09   0    -29.07   0     18.05   1     22.90   0     -4.70   0     6866.   34.2026  -77.7676    -45.99
    419.77   0    -29.18   0     17.06   1     22.33   0     -4.25   0     6906.   34.2022  -77.7652    -46.60
    417.45   0    -29.37   0     18.19   1     24.03   0     -5.43   0     6945.   34.2017  -77.7627    -46.17
    414.93   0    -29.69   0     19.84   0     25.12   0     -6.76   0     6988.   34.2012  -77.7600    -45.66
    412.44   0    -30.02   0     19.02   1     25.02   0     -6.97   0     7031.   34.2006  -77.7573    -46.33
    410.18   0    -30.31   0     16.44   0     24.43   0     -6.28   0     7070.   34.2000  -77.7546    -47.90
    407.86   0    -30.65   0     14.26   0     24.15   0     -6.66   0     7111.   34.1994  -77.7519    -49.45
    405.50   0    -31.01   0     13.28   0     24.40   0     -7.51   0     7152.   34.1988  -77.7493    -50.37
    403.21   0    -31.38   0     13.00   0     24.24   0     -6.68   0     7192.   34.1981  -77.7467    -50.87
    400.87   0    -31.78   0     13.00   0     23.71   0     -6.07   0     7233.   34.1976  -77.7441    -51.19
    398.46   0    -32.16   0     13.00   0     23.25   0     -5.36   0     7276.   34.1970  -77.7415    -51.51
    396.12   0    -32.52   0     13.00   0     23.24   0     -5.24   0     7317.   34.1966  -77.7390    -51.81
    393.58   0    -32.91   0     13.00   0     24.99   0     -7.69   0     7363.   34.1960  -77.7364    -52.14
    391.09   0    -33.29   0     13.31   0     25.57   0     -8.40   0     7407.   34.1953  -77.7336    -52.25
    388.74   0    -33.66   0     13.78   0     23.96   1     -7.42   0     7449.   34.1945  -77.7309    -52.27
    386.58   0    -34.03   0     14.00   0     23.12   0     -7.10   0     7488.   34.1939  -77.7284    -52.44
    384.14   0    -34.41   0     14.68   0     23.98   0     -7.85   0     7533.   34.1932  -77.7258    -52.35
    381.50   0    -34.85   0     15.21   0     23.66   0     -7.62   0     7581.   34.1925  -77.7232    -52.41
    379.02   0    -35.28   0     15.95   0     23.99   0     -7.11   0     7626.   34.1919  -77.7206    -52.37
    376.56   0    -35.70   0     17.25   0     23.47   0     -6.05   0     7672.   34.1913  -77.7180    -52.06
    374.16   0    -36.10   0     18.38   1     23.19   0     -5.84   0     7716.   34.1907  -77.7155    -51.85
    371.84   0    -36.49   0     17.80   0     25.12   0     -8.38   0     7759.   34.1901  -77.7129    -52.47
    369.54   0    -36.77   0     15.82   1     25.10   0     -8.38   0     7802.   34.1893  -77.7102    -53.71
    367.19   0    -37.05   0     14.47   0     24.55   0     -7.67   0     7846.   34.1886  -77.7075    -54.70
    364.79   0    -37.39   0     14.24   0     24.91   0     -7.85   0     7891.   34.1879  -77.7048    -55.12
    362.49   0    -37.76   0     14.71   0     25.39   0     -8.53   0     7935.   34.1872  -77.7020    -55.15
    360.29   0    -38.07   0     15.00   0     24.07   0     -7.34   0     7977.   34.1865  -77.6994    -55.26
    357.94   0    -38.33   0     15.49   0     25.60   7     -9.72   7     8022.   34.1904  -77.6975    -55.22
    355.71   0    -38.72   0     16.67   0     24.53   7     -8.68   7     8065.   34.1896  -77.6948    -54.93
    353.60   0    -39.13   0     17.55   0     24.78   7     -9.20   7     8106.   34.1888  -77.6921    -54.85
    351.34   0    -39.54   0     18.28   0     25.04   7     -9.73   7     8150.   34.1879  -77.6894    -54.86
    349.01   0    -39.96   0     19.09   0     25.32   7     -9.82   7     8195.   34.1870  -77.6867    -54.87
    346.79   0    -40.37   0     20.74   0     27.75   1    -12.27   1     8239.   34.1821  -77.6853    -54.52
    344.60   0    -40.79   0     22.74   0     26.26   0    -10.25   0     8282.   34.1811  -77.6823    -54.12
    342.43   0    -41.21   0     23.92   0     26.20   0     -9.94   0     8325.   34.1802  -77.6795    -54.06
    340.32   0    -41.61   0     24.81   0     24.70   0     -8.13   0     8367.   34.1793  -77.6767    -54.10
    338.14   0    -42.04   0     25.66   0     25.65   0    -10.08   0     8410.   34.1785  -77.6740    -54.20
    335.95   0    -42.44   0     26.44   0     26.40   0    -11.06   0     8454.   34.1776  -77.6712    -54.31
    333.82   0    -42.86   0     27.23   0     25.68   0    -10.88   0     8497.   34.1766  -77.6683    -54.43
    331.78   0    -43.25   0     28.59   0     25.71   0    -10.36   0     8538.   34.1756  -77.6655    -54.37
    329.57   0    -43.63   0     30.76   0     26.43   0    -10.07   0     8583.   34.1747  -77.6627    -54.10
    327.44   0    -44.01   0     32.37   0     24.71   1    -10.00   0     8627.   34.1738  -77.6599    -54.01
    325.32   0    -44.38   0     32.79   1     24.58   0     -8.64   0     8670.   34.1730  -77.6572    -54.24
    323.21   0    -44.73   0     33.38   0     25.50   0     -9.10   0     8714.   34.1722  -77.6545    -54.41
    321.04   0    -45.04   0     35.10   1     25.98   0    -11.38   0     8759.   34.1713  -77.6517    -54.27
    318.90   0    -45.33   0     34.70   1     25.10   0    -12.33   0     8803.   34.1702  -77.6489    -54.63
    316.90   0    -45.48   0     31.21   0     24.78   0    -12.03   0     8845.   34.1691  -77.6462    -55.65
    314.82   0    -45.68   0     27.46   0     24.82   0    -12.43   0     8889.   34.1680  -77.6435    -56.88
    312.78   0    -45.88   0     23.30   0     23.60   0    -12.71   0     8933.   34.1669  -77.6409    -58.40
    310.68   0    -45.90   0     18.86   1     22.73   0    -12.56   0     8977.   34.1657  -77.6384    -60.11
    308.66   0    -45.90   0     15.72   0     22.91   1    -11.64   1     9021.   34.1646  -77.6359    -61.54
    306.61   0    -45.98   0     14.10   0     20.28   1     -8.53   1     9065.   34.1637  -77.6336    -62.46
    304.19   0    -46.27   0     13.50   0     19.51   0     -7.04   0     9118.   34.1630  -77.6314    -63.04
    301.86   0    -46.38   0     12.67   0     20.18   1     -6.25   1     9169.   34.1624  -77.6292    -63.62
    299.60   0    -46.17   0     11.30   0     17.37   1     -3.58   1     9219.   34.1620  -77.6272    -64.32
    297.28   0    -46.43   0     10.42   0     17.73   1     -4.43   1     9270.   34.1616  -77.6253    -65.15
    295.16   0    -46.79   0      9.76   0     22.92   1     -9.51   1     9318.   34.1610  -77.6231    -65.94
    293.15   0    -47.09   0      9.21   0     23.22   0    -10.57   0     9363.   34.1601  -77.6206    -66.62
    291.13   0    -47.35   0      9.00   0     21.95   1    -10.03   0     9409.   34.1592  -77.6181    -67.00
    289.18   0    -47.52   0      9.35   0     19.39   0     -9.55   0     9453.   34.1583  -77.6159    -66.86
    287.22   0    -47.47   0     10.52   0     19.88   0    -11.17   0     9498.   34.1574  -77.6137    -65.93
    285.38   0    -47.37   0     11.00   0     21.81   0    -12.00   0     9541.   34.1563  -77.6115    -65.52
    283.50   0    -47.42   0     11.00   0     22.98   0    -10.94   0     9584.   34.1553  -77.6090    -65.56
    281.57   0    -47.52   0     11.00   0     21.63   0     -9.07   0     9629.   34.1544  -77.6066    -65.65
    279.69   0    -47.60   0     10.57   0     20.99   0     -7.96   0     9674.   34.1536  -77.6043    -66.01
    277.88   0    -47.80   0     10.11   0     19.97   0     -6.08   0     9716.   34.1530  -77.6021    -66.52
    275.93   0    -48.16   0     10.00   0     20.61   0     -6.15   0     9763.   34.1525  -77.5999    -66.89
    274.19   0    -48.52   0     10.00   0     22.72   0     -7.10   0     9804.   34.1519  -77.5975    -67.19
    272.51   0    -48.83   0     10.00   0     21.88   1     -4.85   1     9845.   34.1513  -77.5951    -67.44
    270.74   0    -49.17   0     10.00   0     21.95   0     -4.83   0     9888.   34.1509  -77.5927    -67.72
    268.93   0    -49.52   0     10.00   0     23.23   0     -6.16   0     9932.   34.1504  -77.5903    -68.02
    267.11   0    -49.84   0     10.00   0     24.46   0     -6.84   0     9976.   34.1498  -77.5877    -68.28
    265.42   0    -50.16   0     10.00   0     25.12   0     -7.92   0    10017.   34.1491  -77.5850    -68.54
    263.75   0    -50.51   0     10.23   0     25.20   0     -8.23   0    10059.   34.1484  -77.5822    -68.67
    262.07   0    -50.85   0     10.75   0     25.34   0     -8.49   0    10100.   34.1477  -77.5795    -68.59
    260.37   0    -51.16   0     11.24   0     24.86   0     -8.10   0    10142.   34.1469  -77.5768    -68.53
    258.75   0    -51.48   0     11.69   0     25.28   0     -8.35   0    10183.   34.1462  -77.5740    -68.51
    257.20   0    -51.75   0     12.00   0     25.45   0     -8.04   0    10222.   34.1454  -77.5713    -68.55
    255.60   0    -52.01   0     12.27   0     24.49   0     -7.45   0    10262.   34.1447  -77.5686    -68.61
    253.96   0    -52.32   0     12.73   0     25.69   0     -8.26   0    10304.   34.1440  -77.5658    -68.60
    252.36   0    -52.61   0     13.00   0     25.52   0     -7.90   0    10345.   34.1433  -77.5631    -68.69
    250.81   0    -52.85   0     13.00   0     25.19   0     -6.64   0    10385.   34.1427  -77.5603    -68.90
    249.18   0    -52.97   0     13.00   0     26.35   0     -7.72   0    10427.   34.1420  -77.5575    -69.00
    247.61   0    -53.03   0     12.53   0     25.94   0     -7.87   0    10467.   34.1413  -77.5547    -69.31
    246.05   0    -53.14   0     12.00   0     26.36   0     -7.66   0    10508.   34.1406  -77.5518    -69.72
    244.35   0    -53.39   0     12.00   0     26.00   0     -8.06   0    10553.   34.1399  -77.5490    -69.93
    242.73   0    -53.41   0     11.64   0     24.63   1     -8.96   0    10596.   34.1391  -77.5462    -70.16
    241.15   0    -53.35   0     10.92   0     25.43   7     -9.76   7    10638.   34.1477  -77.5542    -70.57
    239.52   0    -53.60   0     11.00   0     24.82   7    -10.18   7    10681.   34.1468  -77.5515    -70.73
    237.89   0    -53.90   0     11.00   0     24.14   7    -10.57   7    10725.   34.1458  -77.5488    -70.98
    236.31   0    -54.30   0     11.00   0     23.46   7    -10.97   7    10768.   34.1449  -77.5462    -71.32
    234.67   0    -54.72   0     11.00   0     23.23   7    -11.38   7    10812.   34.1439  -77.5437    -71.67
    232.97   0    -55.10   0     11.00   0     23.11   7    -11.80   7    10859.   34.1428  -77.5412    -71.98
    231.30   0    -55.49   0     11.00   0     23.91   0    -12.10   0    10905.   34.1335  -77.5304    -72.31
    229.64   0    -55.89   0     11.24   0     23.89   0    -13.16   0    10950.   34.1323  -77.5278    -72.50
    227.88   0    -56.24   0     11.59   1     24.12   0    -14.14   0    10999.   34.1311  -77.5252    -72.57
    226.16   0    -56.50   0     11.76   0     24.34   0    -14.86   0    11048.   34.1298  -77.5226    -72.70
    224.48   0    -56.77   0     12.00   0     22.70   0    -13.83   0    11095.   34.1285  -77.5200    -72.79
    222.85   0    -57.02   0     12.00   0     21.17   0    -12.56   0    11141.   34.1273  -77.5177    -73.00
    221.26   0    -57.10   0     12.00   0     23.03   1    -12.33   1    11186.   34.1262  -77.5153    -73.07
    219.57   0    -57.05   0     12.00   0     22.79   1    -10.99   1    11235.   34.1252  -77.5128    -73.02
    217.67   0    -56.44   0     11.43   0     21.78   0    -13.09   0    11290.   34.1241  -77.5103    -72.84
    215.30   0    -55.74   0     10.52   0     21.08   8    -11.06   8    11359.   34.1230  -77.5080    -72.84
    212.65   0    -55.55   0      9.75   0     20.37   8     -9.02   8    11438.   34.1221  -77.5058    -73.20
    210.24   0    -55.65   0      8.69   0     19.67   8     -6.98   8    11511.   34.1214  -77.5036    -74.08
    208.44   0    -55.85   0      7.75   0     18.96   8     -4.94   8    11565.   34.1208  -77.5015    -75.02
    206.95   0    -56.12   0      7.27   0     18.26   8     -2.90   8    11611.   34.1205  -77.4995    -75.67
    205.39   0    -56.33   0      6.82   0     17.55   8     -0.86   8    11659.   34.1203  -77.4975    -76.28
    203.83   0    -56.45   0      6.27   0     16.85   1      1.17   1    11707.   34.1203  -77.4957    -76.93
    202.26   0    -56.46   0      6.00   0     18.55   0      0.58   0    11756.   34.1204  -77.4937    -77.23
    200.61   0    -56.37   0      5.49   0     19.96   0      1.54   0    11808.   34.1205  -77.4916    -77.74
    199.17   0    -56.17   0      5.00   0     22.32   1      2.43   1    11854.   34.1207  -77.4893    -78.20
    197.82   0    -55.15   0      4.40   0     26.15   1     -1.46   0    11897.   34.1207  -77.4867    -78.24
    196.56   0    -54.11   0      3.59   0     27.11   0     -2.33   0    11938.   34.1206  -77.4838    -78.75
    195.34   0    -53.46   0      3.00   0     27.42   0     -3.04   0    11978.   34.1203  -77.4809    -79.42
    194.11   0    -53.14   0      2.35   0     29.17   0     -4.56   0    12019.   34.1200  -77.4778    -80.75
    192.84   0    -52.64   0      1.57   0     28.89   0     -4.51   0    12061.   34.1196  -77.4746    -82.92
    191.61   0    -52.09   0      1.00   0     26.12   1     -4.98   0    12102.   34.1191  -77.4716    -85.29
    190.35   0    -52.06   0      1.00   0     25.06   1     -6.37   0    12145.   34.1186  -77.4689    -85.27
    189.03   0    -52.05   0      1.00   0     27.90   0     -7.63   0    12190.   34.1180  -77.4660    -85.26
    187.78   0    -51.87   0      1.00   0     26.56   0    -10.47   0    12233.   34.1172  -77.4630    -85.13
    186.55   0    -51.61   0      1.00   0     22.40   0     -7.62   0    12276.   34.1164  -77.4604    -84.95
    185.28   0    -51.28   0      1.00   0     21.13   0     -6.79   0    12320.   34.1157  -77.4580    -84.72
    184.04   0    -50.97   0      1.00   0     21.54   0     -7.24   0    12364.   34.1151  -77.4557    -84.50
    182.73   0    -50.67   0      1.00   0     21.12   0     -6.76   0    12410.   34.1145  -77.4534    -84.29
    181.40   0    -50.22   0      1.00   0     22.82   0     -8.45   0    12458.   34.1138  -77.4510    -83.98
    180.08   0    -50.00   0      1.00   0     19.63   0     -5.40   0    12506.   34.1132  -77.4487    -83.82
    178.36   0    -50.30   0      1.00   0     17.50   1     -2.61   1    12568.   34.1128  -77.4467    -84.03
    176.66   0    -50.71   0      1.00   0     13.18   1      2.95   1    12631.   34.1128  -77.4450    -84.31
    174.95   0    -51.22   0      1.00   0     13.58   1      3.71   1    12694.   34.1131  -77.4436    -84.68
    173.23   0    -51.85   0      1.00   0     17.91   1      1.01   1    12758.   34.1133  -77.4418    -85.12
    171.81   0    -52.37   0      1.00   0     19.25   8      0.83   8    12811.   34.1134  -77.4398    -85.48
    170.54   0    -52.80   0      1.00   0     20.58   1      0.65   1    12859.   34.1135  -77.4377    -85.79
    169.22   0    -53.21   0      1.00   0     16.46   1      5.12   1    12909.   34.1137  -77.4357    -86.07
    167.96   0    -53.63   0      1.00   0     19.10   1      2.31   1    12957.   34.1141  -77.4337    -86.37
    166.69   0    -54.08   0      1.00   0     20.79   1      1.87   0    13006.   34.1143  -77.4316    -86.69
    165.45   0    -54.51   0      1.00   0     22.06   1      2.48   0    13054.   34.1144  -77.4292    -86.99
    164.18   0    -54.90   0      1.00   0     25.35   1      0.60   1    13103.   34.1146  -77.4267    -87.26
    162.94   0    -55.32   0      1.00   0     23.11   1      3.33   0    13152.   34.1148  -77.4240    -87.56
    161.70   0    -55.69   0      1.00   0     21.82   0      4.98   0    13200.   34.1151  -77.4216    -87.83
    160.52   0    -56.01   0      1.00   0     22.67   0      4.99   0    13247.   34.1156  -77.4192    -88.05
    159.40   0    -56.32   0      1.00   0     22.29   0      5.49   0    13291.   34.1161  -77.4167    -88.27
    158.26   0    -56.56   0      1.00   0     22.07   0      5.67   0    13337.   34.1166  -77.4143    -88.44
    157.15   0    -56.67   0      1.00   0     23.01   0      3.73   0    13382.   34.1170  -77.4119    -88.52
    156.02   0    -56.65   0      1.00   0     25.04   0      3.71   0    13427.   34.1173  -77.4093    -88.51
    154.95   0    -56.47   0      1.00   0     26.28   0      4.53   0    13471.   34.1177  -77.4065    -88.37
    153.88   0    -56.42   0      1.00   0     26.83   0      2.16   0    13515.   34.1180  -77.4036    -88.34
    152.81   0    -56.48   0      1.00   0     28.63   0      0.08   0    13559.   34.1181  -77.4006    -88.38
    151.85   0    -56.59   0      1.00   0     28.21   0     -0.63   0    13599.   34.1181  -77.3975    -88.46
    150.81   0    -56.77   0      1.00   0     26.61   0     -3.05   0    13643.   34.1179  -77.3945    -88.59
    149.75   0    -56.93   0      1.00   0     25.56   0     -3.38   0    13687.   34.1176  -77.3917    -88.71
    148.69   0    -57.00   0      1.00   0     24.15   0     -2.74   0    13732.   34.1173  -77.3890    -88.75
    147.63   0    -56.95   0      1.00   0     22.85   0     -2.25   0    13777.   34.1171  -77.3864    -88.72
    146.61   0    -56.88   0      1.00   0     24.11   0     -1.61   0    13821.   34.1169  -77.3839    -88.66
    145.61   0    -56.95   0      1.00   0     25.51   0     -1.37   0    13865.   34.1168  -77.3812    -88.71
    144.60   0    -57.15   0      1.00   0     25.65   0     -1.25   0    13909.   34.1167  -77.3784    -88.86
    143.57   0    -57.40   0      1.00   0     27.10   0     -2.09   0    13954.   34.1165  -77.3755    -89.03
    142.57   0    -57.71   0      1.00   0     27.02   0     -1.66   0    13998.   34.1164  -77.3726    -89.25
    141.56   0    -58.07   0      1.00   0     26.58   0     -1.25   0    14042.   34.1162  -77.3697    -89.51
    140.59   0    -58.44   0      1.00   0     27.42   0     -1.36   0    14086.   34.1161  -77.3668    -89.77
    139.59   0    -58.53   0      1.00   0     28.80   0     -2.19   0    14131.   34.1160  -77.3637    -89.84
    138.60   0    -58.41   0      1.00   0     29.86   0     -3.21   0    14175.   34.1157  -77.3605    -89.76
    137.65   0    -58.33   0      1.00   0     30.25   0     -5.40   0    14219.   34.1153  -77.3573    -89.69
    136.68   0    -58.35   0      1.00   0     30.09   0     -7.02   0    14263.   34.1148  -77.3540    -89.71
    135.72   0    -58.40   0      1.00   0     29.27   0     -7.55   0    14307.   34.1141  -77.3508    -89.75
    134.73   0    -58.36   0      1.00   0     26.47   0     -6.59   0    14354.   34.1135  -77.3478    -89.71
    133.75   0    -58.14   0      1.00   0     26.49   0     -7.53   0    14400.   34.1128  -77.3449    -89.56
    132.78   0    -58.02   0      1.00   0     25.96   0     -9.34   0    14445.   34.1121  -77.3420    -89.47
    131.81   0    -58.00   0      1.00   0     23.84   0    -10.64   1    14492.   34.1112  -77.3393    -89.46
    130.83   0    -57.90   0      1.00   0     23.28   0    -11.04   0    14539.   34.1102  -77.3368    -89.39
    129.84   0    -57.78   0      1.00   0     22.97   0     -8.65   0    14586.   34.1093  -77.3343    -89.31
    128.88   0    -57.79   0      1.00   0     22.56   0     -8.78   0    14633.   34.1085  -77.3318    -89.31
    127.95   0    -57.86   0      1.00   0     23.54   0     -9.74   0    14679.   34.1077  -77.3293    -89.36
    127.01   0    -57.97   0      1.00   0     23.57   0     -8.60   0    14725.   34.1069  -77.3267    -89.44
    126.04   8    -58.25   8      1.00   8     21.59   0     -5.04   0    14774.   34.1063  -77.3243    -89.64
    125.07   0    -58.53   0      1.00   0     22.16   0     -5.08   0    14822.   34.1058  -77.3219    -89.84
    124.16   0    -58.93   0      1.00   0     23.22   0     -5.33   0    14868.   34.1054  -77.3195    -90.13
    123.24   0    -59.33   0      1.00   0     23.90   0     -4.83   0    14915.   34.1049  -77.3169    -90.41
    122.30   0    -59.59   0      1.00   0     23.17   0     -4.59   0    14962.   34.1045  -77.3143    -90.59
    121.40   0    -59.78   0      1.00   0     23.25   0     -5.43   0    15009.   34.1040  -77.3118    -90.73
    120.44   0    -59.90   0      1.00   0     21.34   1     -5.72   0    15058.   34.1035  -77.3094    -90.81
    119.52   0    -59.99   0      1.00   0     19.98   8     -5.06   8    15106.   34.1030  -77.3072    -90.88
    118.65   0    -60.01   0      1.00   0     18.61   0     -4.40   0    15152.   34.1026  -77.3051    -90.89
    117.78   0    -59.90   0      1.00   0     19.84   0     -6.00   0    15198.   34.1021  -77.3030    -90.81
    116.87   0    -59.83   0      1.00   0     21.62   0     -7.62   0    15246.   34.1015  -77.3007    -90.76
    115.98   0    -59.96   0      1.00   0     21.15   0     -6.12   0    15293.   34.1009  -77.2984    -90.85
    115.13   0    -60.13   0      1.00   0     21.05   0     -6.08   0    15339.   34.1004  -77.2961    -90.98
    114.28   0    -60.25   0      1.00   0     20.74   0     -7.48   0    15386.   34.0998  -77.2938    -91.06
    113.44   0    -60.36   0      1.00   0     19.82   1     -8.29   0    15432.   34.0990  -77.2916    -91.14
    112.60   0    -60.32   0      1.00   0     19.59   0     -7.78   0    15478.   34.0983  -77.2895    -91.11
    111.74   0    -60.11   0      1.00   0     19.08   1     -7.93   1    15526.   34.0976  -77.2874    -90.96
    110.89   0    -59.90   0      1.00   0     16.44   1     -6.30   1    15573.   34.0970  -77.2855    -90.81
    110.09   0    -59.80   0      1.00   0     15.01   0     -6.88   1    15619.   34.0964  -77.2838    -90.74
    109.29   0    -59.68   0      1.00   0     11.88   1     -4.94   1    15664.   34.0959  -77.2823    -90.66
    108.51   0    -59.64   0      1.00   0     13.78   8     -4.65   8    15709.   34.0954  -77.2809    -90.63
    107.76   0    -59.70   0      1.00   0     15.67   1     -4.37   1    15752.   34.0950  -77.2793    -90.67
    107.01   0    -59.80   0      1.00   0     13.46   1     -0.78   1    15796.   34.0948  -77.2777    -90.74
    106.26   0    -59.88   0      1.00   0     11.73   1      2.93   1    15840.   34.0949  -77.2764    -90.80
    105.49   0    -60.06   0      1.00   0     15.58   1     -1.33   1    15885.   34.0950  -77.2749    -90.93
    104.72   0    -60.28   0      1.00   0     16.49   0     -1.92   0    15931.   34.0948  -77.2731    -91.09
    103.95   0    -60.41   0      1.00   0     16.45   0     -1.92   0    15977.   34.0946  -77.2714    -91.17
    103.19   0    -60.52   0      1.00   0     15.45   0     -1.30   0    16022.   34.0945  -77.2696    -91.25
    102.45   0    -60.61   0      1.00   0     15.38   0     -1.05   0    16067.   34.0944  -77.2680    -91.32
    101.71   0    -60.59   0      1.00   0     17.27   1     -4.99   1    16113.   34.0941  -77.2662    -91.30
    100.96   0    -60.50   0      1.00   0     18.17   1     -8.31   1    16158.   34.0935  -77.2643    -91.24
    100.21   0    -60.52   0      1.00   0     17.37   0     -9.31   0    16205.   34.0927  -77.2623    -91.26
     99.42   0    -60.54   0      1.00   0     16.61   1     -8.92   1    16254.   34.0919  -77.2605    -91.27
     98.64   0    -60.66   0      1.00   0     14.01   0     -6.68   0    16303.   34.0912  -77.2588    -91.35
     97.87   0    -60.90   0      1.00   0     13.36   1     -6.11   0    16352.   34.0906  -77.2573    -91.53
     97.12   0    -61.13   0      1.00   0     14.25   0     -5.80   0    16399.   34.0901  -77.2558    -91.69
     96.42   0    -61.27   0      1.00   0     14.05   0     -4.30   1    16444.   34.0896  -77.2543    -91.79
     95.71   0    -61.31   0      1.00   0     14.55   0     -4.40   0    16490.   34.0892  -77.2528    -91.82
