 #
 # Data Type:                         ULOWELL 10 SECOND DATA
 # Project ID:                        TDWR - ORL (UND)
 # Launch Site Type:                  FIXED
 # Site ID:                           LWL
 # Launch Location (lon,lat,alt(m)):  -46.41 16.23  25.
 # GMT Launch Time (m,d,y,h,m,s):     08/05/1991 19:46:00
 # Sonde Type/ID/Sensor ID/Tx Freq:   VAISALA RS80
 # Met Processor/Met Smoothing:       VAISALA PP-11, 10 SECONDS
 # Winds Type/Processor/Smoothing:    LORAN-C, NORTHSTAR 800, 20 SECONDS
 # Pre-launch Surface Obs Source:     SONDE SENSORS
 # Comments:
 # weather ovc-bkn skies with good ground signal and inital data......             
 # ....loran lost in flight from approx 500mb to 250mb....wind data                
 # will be lost for that layer.                                                    
 # Signal noisy from 400mb to the top.                                             
 #                                                                                 
 #
 # Time  Press  Temp  Dewpt  RH    Uwind  Vwind  Wspd  Dir   dZ       Lon       Lat    Rng    Ang    Alt    Qp   Qt   Qh   Qu   Qv
 #  sec    mb     C     C     %     m/s    m/s   m/s   deg   m/s      deg       deg     km    deg     m     mb   C    %   m/s  m/s
 # ____ ______ _____ ______ ____  ______ ______ _____ _____ _____ _________ _________ _____ ______ ______ ____ ____ ____ ____ ____
  -41.0 1014.3  26.6  22.6  78.0   999.0  999.0 999.0 999.0  0.0  -46.40717  16.23326   0.0 999.0    25.0 77.0 77.0 77.0 77.0 77.0
   10.0 1009.0  26.2  21.6  74.8    38.4  -53.7 128.1 324.5  4.6  -81.19100  28.41804 999.0 291.7    70.9  1.4  0.1  1.2 59.3 99.0
   20.0 1003.1  26.2  20.7  70.9    22.6  -93.0 185.8 346.3  5.3  -81.18869  28.40967 999.0 291.7   123.4  2.1  1.7  1.8 19.9 84.5
   30.0  996.1  26.4  20.5  69.1     2.2   -0.4   4.3 280.6  6.2  -81.18845  28.40963 999.0 291.7   185.3  2.1  1.7  0.3  1.3  0.8
   40.0  989.2  26.7  21.0  69.9    -2.2   -0.4   4.3  79.4  6.2  -81.18869  28.40959 999.0 291.7   247.0  2.6  0.1  0.3  1.3  1.4
   50.0  976.1  26.1  20.4  70.1     1.5    2.7   5.9 208.7 99.0  -81.18853  28.40983 999.0 291.7 99999.0 14.3  0.2  0.3  0.9  0.9
   60.0  976.3  26.2  20.5  69.6     0.4   -0.6   1.4 329.3 99.0  -81.18850  28.40978 999.0 291.7 99999.0 22.1  1.2  1.5  0.7  0.9
   70.0  967.7  25.4  20.1  71.1     2.6   -2.9   7.5 318.3  6.5  -81.18824  28.40952 999.0 291.7   440.7  2.4  0.2  0.3  0.8  0.9
   80.0  952.2  25.1  19.7  71.7     1.8   -0.2   3.5 276.4 99.0  -81.18806  28.40950 999.0 291.7 99999.0 19.1  0.1  0.5  0.5  0.6
   90.0  952.3  24.7  18.7  69.0     2.1    0.6   4.3 253.8  7.1  -81.18784  28.40956 999.0 291.7   582.0  2.6  0.1  1.5  1.1  0.9
  100.0  944.8  24.5  16.8  61.4     1.5    3.3   7.0 204.9  7.0  -81.18768  28.40985 999.0 291.7   652.4  2.1  0.1  4.1  0.5  0.8
  110.0  937.7  24.5  15.3  55.3     1.1    3.9   7.9 195.2  6.6  -81.18758  28.41021 999.0 291.7   718.3  2.3  0.0  1.0  1.1  0.6
  120.0  929.9  24.2  15.3  56.7    -0.3    5.3  10.3 176.3  7.3  -81.18760  28.41068 999.0 291.7   791.8  2.7  0.2  0.5  1.2  0.6
  130.0  922.2  23.8  14.0  53.0     2.1    6.2  12.7 198.7  7.3  -81.18739  28.41124 999.0 291.7   864.8  2.5  0.1  2.4  1.0  0.9
  140.0  914.3  23.5  13.6  53.1     2.0    4.9  10.4 202.4  7.5  -81.18719  28.41169 999.0 291.7   939.5  2.3  0.2  1.0  0.7  0.9
  150.0  907.5  22.4  13.3  56.0     4.9    4.7  13.2 225.8  6.5  -81.18669  28.41211 999.0 291.7  1004.7  2.2  1.0  1.2  1.1  0.9
  160.0  900.8  22.3  15.2  63.0     3.6    1.0   7.4 254.2  6.5  -81.18631  28.41221 999.0 291.7  1069.4  2.2  0.2  2.9  1.0  0.9
  170.0  893.6  21.7  15.1  65.4     5.2    2.7  11.4 242.9  7.0  -81.18578  28.41245 999.0 291.7  1139.4  2.4  0.2  0.7  1.3  0.9
  180.0  886.2  21.2  14.2  64.0     7.3    3.3  15.5 245.6  7.2  -81.18503  28.41274 999.0 291.7  1211.3  2.4  0.1  0.9  0.8  0.8
  190.0  879.2  20.7  13.8  63.4     6.0    2.5  12.6 247.6  6.9  -81.18442  28.41296 999.0 291.7  1280.0  2.3  0.2  0.9  0.8  0.9
  200.0  872.1  20.4  13.0  62.0     6.0    2.1  12.2 250.9  7.0  -81.18381  28.41315 999.0 291.7  1350.5  2.2  0.1  0.8  0.8  0.6
  210.0  865.3  20.0  12.5  61.1     5.2    2.1  10.9 248.5  6.8  -81.18327  28.41333 999.0 291.7  1418.2  2.0  0.2  0.3  1.1  0.6
  220.0  858.3  19.5  11.8  60.1     3.8    2.1   8.4 241.5  7.0  -81.18289  28.41352 999.0 291.7  1488.1  2.2  0.2  0.3  0.8  0.6
  230.0  851.8  19.1  11.6  60.9     4.9    1.4   9.9 253.6  6.5  -81.18239  28.41365 999.0 291.7  1553.4  1.9  0.1  0.3  0.8  0.8
  240.0  845.4  18.6  11.5  62.6     2.4    2.1   6.1 228.9  6.5  -81.18215  28.41384 999.0 291.7  1618.6  2.1  0.2  0.7  0.8  0.6
  250.0  838.6  18.1  11.0  62.1     4.9    2.3  10.4 245.2  7.0  -81.18166  28.41404 999.0 291.7  1688.3  2.4  0.2  0.6  0.8  1.2
  260.0  831.3  17.6  10.1  61.0     5.6    2.9  12.3 242.9  7.4  -81.18107  28.41430 999.0 291.7  1762.6  2.3  0.1  1.4  0.8  0.9
  270.0  824.6  17.3  10.4  63.6     7.2    3.9  15.9 241.7  7.0  -81.18033  28.41465 999.0 291.7  1832.5  1.9  0.2  1.4  0.8  1.0
  280.0  818.0  16.7  11.0  68.3     7.1    2.9  14.8 247.9  6.8  -81.17960  28.41490 999.0 291.7  1900.6  2.2  0.2  1.7  1.5  0.9
  290.0  812.0  16.1  11.2  72.2     3.8    1.0   7.6 254.7  6.4  -81.17923  28.41500 999.0 291.7  1964.4  1.6  0.2  1.3  0.8  0.9
  300.0  806.0  15.7  11.1  73.4     5.2    0.6  10.2 263.3  6.2  -81.17868  28.41505 999.0 291.7  2026.8  2.1  0.1  1.3  0.7  0.9
  310.0  799.5  15.4  10.2  70.4     5.2   -0.6  10.2 276.7  6.9  -81.17814  28.41500 999.0 291.7  2095.9  2.0  0.1  1.0  0.7  0.9
  320.0  792.9  15.3   9.3  67.4     5.1    1.4  10.3 254.3  7.0  -81.17763  28.41512 999.0 291.7  2166.1  2.1  0.1  1.2  0.5  0.8
  330.0  786.4  15.1   9.3  68.1     4.4    1.0   8.7 256.7  7.1  -81.17719  28.41522 999.0 291.7  2236.6  2.1  0.1  0.6  0.8  0.9
  340.0  779.7  14.6   8.9  67.4     2.5    0.8   5.1 251.7  7.3  -81.17692  28.41529 999.0 291.7  2309.2  2.1  0.2  0.7  0.8  0.9
  350.0  773.6  14.0   8.8  70.4     4.0   -1.5   8.2 290.0  6.6  -81.17652  28.41516 999.0 291.7  2375.7  2.0  0.2  0.9  0.8  0.8
  360.0  767.2  13.4   8.8  72.9     4.9    0.0   9.5 270.0  7.0  -81.17602  28.41516 999.0 291.7  2446.0  2.0  0.2  0.3  0.1  0.0
  370.0  761.1  13.1   7.9  70.4     4.2    1.2   8.4 253.4  6.7  -81.17559  28.41528 999.0 291.7  2512.9  2.0  0.1  1.2  0.8  0.9
  380.0  755.2  12.8   7.8  71.0     4.5    0.6   8.8 262.2  6.5  -81.17513  28.41533 999.0 291.7  2578.1  1.9  0.1  1.1  0.7  0.9
  390.0  748.9  12.5   6.9  68.1     4.7    0.6   9.1 262.5  7.0  -81.17465  28.41539 999.0 291.7  2648.6  1.9  0.1  0.6  0.9  0.9
  400.0  743.2  12.3   6.1  65.7     4.4   -2.5   9.8 299.5  6.4  -81.17421  28.41516 999.0 291.7  2712.6  1.7  0.1  2.1  0.8  0.9
  410.0  737.7  12.0   5.2  63.3     4.5    0.0   8.8 270.0  6.3  -81.17374  28.41516 999.0 291.7  2775.9  1.9  0.1  1.2  0.7  0.0
  420.0  732.2  11.7   3.8  57.7     4.9    0.0   9.5 270.0  6.2  -81.17323  28.41516 999.0 291.7  2838.0  1.7  0.1  2.7  0.8  0.0
  430.0  726.7  11.5   1.8  51.0     5.3    0.0  10.2 270.0  6.3  -81.17270  28.41516 999.0 291.7  2901.0  2.0  0.1  2.0  0.7  0.0
  440.0  720.6  11.0   3.9  61.0     3.8   -1.8   8.2 295.9  7.0  -81.17232  28.41500 999.0 291.7  2971.5  1.8  0.2  3.5  1.1  0.0
  450.0  714.9  10.5   4.2  64.7     2.0   -1.9   5.3 312.9  6.7  -81.17211  28.41483 999.0 291.7  3038.3  1.8  0.2  1.8  0.7  0.0
  460.0  709.1  10.1   4.4  66.6     2.9    0.4   5.7 261.9  6.7  -81.17181  28.41487 999.0 291.7  3105.6  2.2  0.1  0.5  1.0  0.8
  470.0  702.8   9.8   3.6  65.4     3.0    1.5   6.5 244.5  7.5  -81.17150  28.41500 999.0 291.7  3180.7  2.1  0.1  1.0  1.4  0.8
  480.0  696.6   9.4   3.5  66.1     2.2   -0.4   4.3 280.7  7.4  -81.17127  28.41496 999.0 291.7  3254.2  1.9  0.1  0.6  0.8  0.8
  490.0  690.7   9.0   2.6  64.4     1.6   -1.5   4.3 311.5  7.0  -81.17111  28.41483 999.0 291.7  3324.5  1.9  0.2  0.7  0.0  0.8
  500.0  685.0   8.4   2.2  64.9     3.3    0.0   6.3 270.0  6.8  -81.17078  28.41483 999.0 291.7  3393.0  1.7  0.2  0.3  0.0  0.0
  510.0  679.6   7.9   1.9  65.3     0.9   -1.8   4.0 334.3  6.5  -81.17068  28.41467 999.0 291.7  3458.3  1.9  0.2  1.0  0.8  1.2
  520.0  673.9   7.3   1.8  67.7     2.9   -2.0   6.9 305.1  7.0  -81.17039  28.41448 999.0 291.7  3528.5  1.9  0.2  0.7  0.7  1.0
  530.0  668.1   6.7   1.3  68.1     3.2   -2.5   7.9 307.4  7.2  -81.17006  28.41426 999.0 291.7  3600.1  1.9  0.2  2.2  0.8  0.9
  540.0  662.4   6.3   0.9  67.9     2.6   -1.7   6.0 302.6  7.0  -81.16980  28.41411 999.0 291.7  3669.8  1.8  0.1  2.9  0.8  0.6
  550.0  656.7   5.8   1.2  71.9     2.1   -2.5   6.3 319.1  7.1  -81.16958  28.41389 999.0 291.7  3740.8  1.8  0.2  0.6  0.8  0.9
  560.0  651.0   5.4   0.4  70.4     2.4   -2.5   6.7 316.2  7.1  -81.16933  28.41367 999.0 291.7  3812.0  2.0  0.1  1.6  0.8  0.9
  570.0  645.6   4.8   0.8  75.5     1.1   -1.8   4.2 329.4  6.8  -81.16922  28.41350 999.0 291.7  3880.1  1.7  0.2  1.7  0.8  1.2
  580.0  640.4   4.4   0.2  73.6     2.0    0.0   3.9 270.0  6.7  -81.16902  28.41350 999.0 291.7  3947.1  1.7  0.2  2.2  0.7  0.0
  590.0  634.7   3.9  -1.1  69.6     1.8   -0.4   3.6 282.8  7.2  -81.16883  28.41346 999.0 291.7  4019.4  1.7  0.1  0.7  0.5  0.8
  600.0  629.3   3.3  -1.1  72.7     1.0   -2.3   4.8 335.3  7.0  -81.16873  28.41326 999.0 291.7  4089.4  1.7  0.2  1.5  0.7  0.8
  610.0  624.0   2.7  -1.1  75.4     0.5   -1.0   2.2 333.0  6.8  -81.16867  28.41317 999.0 291.7  4157.9  1.7  0.2  1.2  0.7  0.9
  620.0  618.7   2.4  -0.4  81.4     0.0   -1.9   3.6 360.0  6.9  -81.16867  28.41300 999.0 291.7  4226.8  1.6  0.1  1.6  0.0  0.0
  630.0  613.4   2.4  -0.2  82.6     1.0    1.0   2.7 222.6  6.9  -81.16858  28.41309 999.0 291.7  4296.0  1.8  0.1  1.2  0.9  0.9
  640.0  607.7   2.7  -0.9  76.6    -0.8    2.7   5.4 164.1  7.5  -81.16866  28.41333 999.0 291.7  4371.4  1.9  0.1  3.2  1.2  0.9
  650.0  602.2   2.7  -1.3  74.3    -2.1    0.0   4.1  90.0  7.5  -81.16887  28.41333 999.0 291.7  4446.1  1.7  0.1  0.7  1.1  0.0
  660.0  596.7   2.2  -1.4  76.4    -5.1   -0.8  10.0  80.8  7.4  -81.16940  28.41326 999.0 291.7  4520.0  1.8  0.2  0.9  0.9  0.9
  670.0  591.4   1.7  -2.1  75.7    -4.2   -1.0   8.3  76.2  7.3  -81.16982  28.41317 999.0 291.7  4592.7  1.6  0.1  1.2  0.8  0.9
  680.0  586.4   1.4  -2.6  74.1    -4.0   -0.2   7.7  87.0  6.7  -81.17023  28.41315 999.0 291.7  4660.1  1.6  0.2  0.6  0.8  0.6
  690.0  581.4   1.0  -3.6  71.1    -2.6    0.0   5.0  90.0  7.0  -81.17049  28.41315 999.0 291.7  4729.9  1.8  0.1  0.8  0.8  0.9
  700.0  576.4   0.7  -4.1  69.9    -2.7    0.2   5.2  94.4  6.9  -81.17076  28.41317 999.0 291.7  4799.2  1.3  0.1  0.8  0.7  0.6
  710.0  572.0   0.3  -5.2  66.3    -2.0    0.2   3.8  95.9  6.1  -81.17096  28.41319 999.0 291.7  4860.4  1.3  0.1  0.7  0.7  0.6
  720.0  566.9  -0.2  -6.2  63.4    -2.7    1.6   6.2 120.9  7.2  -81.17123  28.41333 999.0 291.7  4932.6  1.8  0.2  3.0  0.8  0.6
  730.0  562.9  -0.8  -6.9  63.0    -3.2    3.1   8.7 133.7  5.7  -81.17156  28.41361 999.0 291.7  4989.6  1.2  0.2  3.9  0.0  1.5
  740.0  550.3  -1.1  -7.8  59.9    -0.9    3.7   7.4 166.8 99.0  -81.17166  28.41395 999.0 291.7 99999.0 20.6  0.1  3.7  0.8  1.2
  750.0  554.8  -1.4  -8.9  56.4    -0.9    3.7   7.4 165.8  5.8  -81.17175  28.41428 999.0 291.7  5104.7  1.4  0.1  1.2  1.1  0.0
  760.0  550.5  -1.6 -10.1  52.3    -4.0    4.3  11.4 137.1  6.3  -81.17217  28.41466 999.0 291.7  5167.3  1.4  0.1  2.9  0.8  0.9
  770.0    1.0  93.3 999.0  -1.0    -2.9    7.4  15.4 158.5 99.0  -81.17245  28.41533 999.0 291.7 99999.0 99.0 99.0 99.0  0.7  1.2
  780.0  543.3  -7.7 -13.4  63.3    -0.7    7.6  14.8 174.7  5.2  -81.17253  28.41602 999.0 291.7  5270.6  1.4 12.5 17.5  0.8  1.4
  790.0  565.6  -0.3  -8.3  54.9    -1.2    4.7   9.5 165.6 99.0  -81.17266  28.41645 999.0 291.7 99999.0 62.3  7.1 11.9  0.7  0.9
  800.0  563.0  -0.6  -7.1  61.1    -0.4    6.2  12.0 176.5 99.0  -81.17270  28.41700 999.0 291.7 99999.0 63.4  7.2 14.5  0.7  0.9
  810.0  534.1  -4.0  -8.8  69.0    -2.6    6.4  13.3 158.2  4.5  -81.17296  28.41757 999.0 291.7  5405.4  0.9  0.1  3.6  0.8  0.9
  820.0  531.3  -4.3  -8.3  73.2    -1.9    4.9  10.3 159.3  4.1  -81.17314  28.41802 999.0 291.7  5446.9  1.0  0.2  0.4  0.5  1.2
  830.0  527.5  -4.4  -7.7  77.7    -2.5    3.5   8.3 144.6  5.6  -81.17342  28.41833 999.0 291.7  5502.7  1.4  0.1  3.1  0.8  0.6
  840.0  524.3  -4.2  -7.2  79.3    -2.2    2.7   6.7 140.7  4.8  -81.17364  28.41858 999.0 291.7  5551.2  1.2  0.1  0.7  1.3  0.9
  850.0  520.4  -4.5  -7.5  79.0    -1.1    0.2   2.2 100.7  5.9  -81.17374  28.41859 999.0 291.7  5610.3  1.0  0.1  0.0  1.3  1.9
  860.0  499.3  -5.7  -8.3  81.7    -2.5   -1.2   5.4  63.4 99.0  -81.17400  28.41848 999.0 291.7 99999.0 42.5  2.0  4.2  0.8  0.9
  870.0  513.1  -5.1  -8.1  78.9    -2.2   -4.5   9.8  26.3  5.6  -81.17422  28.41807 999.0 291.7  5721.4  1.3  0.0  0.6  0.7  1.8
  880.0  509.4  -5.3  -8.5  77.9    -1.4   -6.4  12.7  12.6  5.7  -81.17436  28.41750 999.0 291.7  5778.8  1.1  0.1  0.3  1.2  0.9
  890.0  495.8  -7.6 -10.2  81.7  -114.3   24.1 226.5 101.9 99.0  -81.18606  28.41966 999.0 291.7 99999.0 24.9  4.7  9.9 99.0 99.0
  900.0  503.2  -5.9  -8.9  78.7  -368.5  -80.3 731.6  77.7  4.8  -81.22374  28.41245 999.0 291.7  5874.1  0.9  0.1  0.5 99.0 99.0
  910.0  500.6  -6.1  -9.2  78.4   -13.9  -17.5  43.4  38.5  4.1  -81.22516  28.41087 999.0 291.7  5915.4  1.0  0.1  0.9  7.6  8.3
  920.0  497.5  -6.3  -9.7  76.0     0.7   -2.5   5.0 344.3  4.9  -81.22510  28.41064 999.0 291.7  5964.3  0.9  0.1  0.5  2.0  1.8
  930.0  494.6  -6.4  -9.8  76.1    78.0  -73.7 208.2 313.4  4.5  -81.21711  28.40402 999.0 291.7  6009.2  0.9  0.1  0.8 99.0 84.6
  940.0  492.1  -6.4 -10.4  73.0   999.0  999.0 999.0 272.8  4.0  -65.57278  27.72289 999.0 304.1  6049.3  1.0  0.1  2.1 99.0 99.0
  950.0  464.2 -11.3 -14.5  76.6   999.0  999.0 999.0 121.4 99.0  -72.24239  31.88309 999.0 305.5 99999.0 59.9 11.8 24.7 99.0 99.0
  960.0  486.2  -6.7 -12.1  65.9   999.0  999.0 999.0  83.6  4.7  -81.58340  30.99646 999.0 296.1  6143.2  1.0  0.2  0.8 99.0 99.0
  970.0  483.6  -7.4 -13.1  63.6   999.0  999.0 999.0  98.5  4.2  -98.08295  33.11522 999.0 291.3  6184.8  0.9  0.2  1.0 99.0 99.0
  980.0  481.1  -7.8 -13.2  65.1   999.0  999.0 999.0 292.0  4.1    0.00000   0.00000 999.0 109.3  6225.5  0.7  0.1  2.0 24.3 91.7
  990.0  479.7  -7.9 -13.2  64.7     0.0    0.0   0.0 180.0  2.3    0.00000   0.00000 999.0 109.3  6248.4  0.3  0.2  0.7  0.0  0.0
 1000.0  469.6  -8.0 -13.0  67.1     0.0    0.0   0.0 180.0 99.0    0.00000   0.00000 999.0 109.3 99999.0 21.7  0.0  1.6  0.0  0.0
 1010.0  477.2  -8.1 -13.3  66.6     0.0    0.0   0.0 180.0  2.0    0.00000   0.00000 999.0 109.3  6288.8  0.4  0.1  1.2  0.0  0.0
 1020.0  475.2  -8.5 -13.6  66.1     0.0    0.0   0.0 180.0  3.3    0.00000   0.00000 999.0 109.3  6321.7  0.9  0.1  1.1  0.0  0.0
 1030.0  472.8  -8.8 -13.8  67.5     0.0    0.0   0.0 180.0  4.0    0.00000   0.00000 999.0 109.3  6361.4  0.5  0.1  0.9  0.0  0.0
 1040.0  470.3  -9.2 -14.2  67.1     0.0    0.0   0.0 180.0  4.1    0.00000   0.00000 999.0 109.3  6402.0  1.1  0.2  0.6  0.0  0.0
 1050.0  467.4 -10.6 -15.0  69.7     0.0    0.0   0.0 180.0  4.8    0.00000   0.00000 999.0 109.3  6450.0  1.1  2.4  1.3  0.0  0.0
 1060.0  465.2  -9.9 -13.7  73.0     0.0    0.0   0.0 180.0  3.7    0.00000   0.00000 999.0 109.3  6486.9  0.7  0.1  1.7  0.0  0.0
 1070.0  463.2  -9.8 -13.4  74.4     0.0    0.0   0.0 180.0  3.2    0.00000   0.00000 999.0 109.3  6518.8  0.9  0.1  0.5  0.0  0.0
 1080.0  461.4 -10.0 -13.6  74.6     0.0    0.0   0.0 180.0  3.1    0.00000   0.00000 999.0 109.3  6550.0  0.7  0.0  0.5  0.0  0.0
 1090.0  460.0 -10.0 -13.4  75.8     0.0    0.0   0.0 180.0  2.3    0.00000   0.00000 999.0 109.3  6573.3  0.4  0.1  0.9  0.0  0.0
 1100.0  457.8 -10.2 -13.8  75.0     0.0    0.0   0.0 180.0  3.6    0.00000   0.00000 999.0 109.3  6609.8  0.9  0.1  0.0  0.0  0.0
 1110.0  456.1 -10.4 -12.8  82.3     0.0    0.0   0.0 180.0  3.0    0.00000   0.00000 999.0 109.3  6639.4  0.7  0.1 17.4  0.0  0.0
 1120.0  454.2 -10.5 -13.9  76.0     0.0    0.0   0.0 180.0  3.1    0.00000   0.00000 999.0 109.3  6670.1  0.6  0.1  0.8  0.0  0.0
 1130.0  451.7 -10.9 -14.1  76.7     0.0    0.0   0.0 180.0  4.2    0.00000   0.00000 999.0 109.3  6712.6  1.0  0.1  0.5  0.0  0.0
 1140.0  449.2 -11.2 -14.5  77.0     0.0    0.0   0.0 180.0  4.3    0.00000   0.00000 999.0 109.3  6755.6  1.0  0.2  0.0  0.0  0.0
 1150.0  447.1 -11.5 -14.7  77.1     0.0    0.0   0.0 180.0  3.7    0.00000   0.00000 999.0 109.3  6792.3  1.0  0.1  0.6  0.0  0.0
 1160.0  397.3 -19.6 -20.9  89.4     0.0    0.0   0.0 180.0 99.0    0.00000   0.00000 999.0 109.3 99999.0 99.0 16.4 28.4  0.0  0.0
 1170.0  441.4 -12.0 -15.0  78.1     0.0    0.0   0.0 180.0  4.9    0.00000   0.00000 999.0 109.3  6889.9  0.7  0.1  1.1  0.0  0.0
 1180.0  444.7 -11.8 -15.0  76.6     0.0    0.0   0.0 180.0 99.0    0.00000   0.00000 999.0 109.3 99999.0 12.6  1.8  4.0  0.0  0.0
 1190.0  437.8 -12.9 -15.8  78.9     0.0    0.0   0.0 180.0  3.1    0.00000   0.00000 999.0 109.3  6952.5  0.9  0.1  0.6  0.0  0.0
 1200.0  441.3 -12.0 -14.8  78.7     0.0    0.0   0.0 180.0 99.0    0.00000   0.00000 999.0 109.3 99999.0 16.1  2.4  4.8  0.0  0.0
 1210.0  431.4 -13.0 -15.9  79.6     0.0    0.0   0.0 180.0  5.7    0.00000   0.00000 999.0 109.3  7066.2  1.0  0.1  0.5  0.0  0.0
 1220.0  427.8 -14.4 -17.3  79.4     0.0    0.0   0.0 180.0  6.4    0.00000   0.00000 999.0 109.3  7129.9  1.2  2.2  0.5  0.0  0.0
 1230.0  424.1 -14.0 -16.7  80.9     0.0    0.0   0.0 180.0  6.5    0.00000   0.00000 999.0 109.3  7194.9  1.4  0.1  0.6  0.0  0.0
 1240.0  420.3 -14.5 -16.9  81.3     0.0    0.0   0.0 180.0  6.8    0.00000   0.00000 999.0 109.3  7263.2  1.2  0.1  0.5  0.0  0.0
 1250.0  416.8 -15.0 -17.4  82.1     0.0    0.0   0.0 180.0  6.4    0.00000   0.00000 999.0 109.3  7327.1  0.9  0.1  0.3  0.0  0.0
 1260.0  413.5 -15.4 -17.6  82.3     0.0    0.0   0.0 180.0  6.0    0.00000   0.00000 999.0 109.3  7386.8  1.3  0.1  0.5  0.0  0.0
 1270.0  346.7 -24.1 -24.8  93.3     0.0    0.0   0.0 180.0 99.0    0.00000   0.00000 999.0 109.3 99999.0 99.0 20.3 27.6  0.0  0.0
 1280.0  409.5 -15.9 -18.5  80.0     0.0    0.0   0.0 180.0 99.0    0.00000   0.00000 999.0 109.3 99999.0  7.5  1.3  3.7  0.0  0.0
 1290.0  403.3 -16.8 -19.3  81.3     0.0    0.0   0.0 180.0  6.3    0.00000   0.00000 999.0 109.3  7574.7  1.1  0.1  0.5  0.0  0.0
 1300.0  371.3 -22.9 -23.6  93.5     0.0    0.0   0.0 180.0 99.0    0.00000   0.00000 999.0 109.3 99999.0 63.4 12.9 25.7  0.0  0.0
 1310.0  371.4 -22.5 -23.4  92.1     0.0    0.0   0.0 180.0 99.0    0.00000   0.00000 999.0 109.3 99999.0 57.9 11.9 24.0  0.0  0.0
 1320.0  353.9 -20.5 -22.7  82.3     0.0    0.0   0.0 180.0 99.0    0.00000   0.00000 999.0 109.3 99999.0 86.1  5.8  1.2  0.0  0.0
 1330.0  342.8 -21.2 -23.5  82.4     0.0    0.0   0.0 180.0 99.0    0.00000   0.00000 999.0 109.3 99999.0 90.7  6.1  1.4  0.0  0.0
 1340.0  384.5 -18.5 -21.0  80.6     0.0    0.0   0.0 180.0  7.2    0.00000   0.00000 999.0 109.3  7932.6  1.2  0.2  0.7  0.0  0.0
 1350.0  379.9 -19.2 -20.4  89.0     0.0    0.0   0.0 180.0  9.0    0.00000   0.00000 999.0 109.3  8022.1  1.5  0.2 16.2  0.0  0.0
 1360.0  338.1 -24.3 -25.6  89.3     0.0    0.0   0.0 180.0 99.0    0.00000   0.00000 999.0 109.3 99999.0 96.1 11.9 24.4  0.0  0.0
 1370.0  368.0 -19.7 -22.5  78.7     0.0    0.0   0.0 180.0 99.0    0.00000   0.00000 999.0 109.3 99999.0 16.4  0.1  0.5  0.0  0.0
 1380.0  370.9 -20.2 -23.0  78.0     0.0    0.0   0.0 180.0  6.0    0.00000   0.00000 999.0 109.3  8201.8  1.2  0.2  0.0  0.0  0.0
 1390.0  351.8 -23.1 -25.2  83.6     0.0    0.0   0.0 180.0 99.0    0.00000   0.00000 999.0 109.3 99999.0 38.7  6.2 14.5  0.0  0.0
 1400.0  364.5 -20.9 -23.8  77.3     0.0    0.0   0.0 180.0  6.4    0.00000   0.00000 999.0 109.3  8329.0  1.1  0.1  0.5  0.0  0.0
 1410.0  361.9 -21.3 -24.1  78.0     0.0    0.0   0.0 180.0  5.5    0.00000   0.00000 999.0 109.3  8383.6  1.6  0.3  0.0  0.0  0.0
 1420.0  328.5 -23.6 -25.7  83.0     0.0    0.0   0.0 180.0 99.0    0.00000   0.00000 999.0 109.3 99999.0 39.8  2.8  5.7  0.0  0.0
 1430.0  999.0 999.0 899.1 999.0     0.0    0.0   0.0 180.0 99.0    0.00000   0.00000 999.0 109.3 99999.0 99.0 99.0 99.0  0.0  0.0
 1440.0  999.0 999.0 899.1 999.0     0.0    0.0   0.0 180.0 99.0    0.00000   0.00000 999.0 109.3 99999.0 99.0 99.0 99.0  0.0  0.0
 1450.0  999.0 999.0 899.1 999.0     0.0    0.0   0.0 180.0 99.0    0.00000   0.00000 999.0 109.3 99999.0 99.0 99.0 99.0  0.0  0.0
 1460.0  308.2 -25.7 -27.8  83.0     0.0    0.0   0.0 180.0 99.0    0.00000   0.00000 999.0 109.3 99999.0 35.8  1.9  8.0  0.0  0.0
 1470.0  318.0 -24.1 -27.3  75.0     0.0    0.0   0.0 180.0 99.0    0.00000   0.00000 999.0 109.3 99999.0 59.3  0.4  1.5  0.0  0.0
 1480.0  337.7 -24.7 -28.0  74.1     0.0    0.0   0.0 180.0  7.2    0.00000   0.00000 999.0 109.3  8890.9  1.4  0.2  0.3  0.0  0.0
 1490.0  334.8 -25.2 -28.4  73.7     0.0    0.0   0.0 180.0  6.2    0.00000   0.00000 999.0 109.3  8953.4  1.1  0.2  0.5  0.0  0.0
 1500.0  332.1 -25.6 -29.1  73.0     0.0    0.0   0.0 180.0  5.9    0.00000   0.00000 999.0 109.3  9012.1  0.8  0.2  0.0  0.0  0.0
 1510.0  330.3 -26.0 -29.4  73.0     0.0    0.0   0.0 180.0  3.9    0.00000   0.00000 999.0 109.3  9050.9  0.8  0.1  0.0  0.0  0.0
 1520.0  325.3 -26.8 -30.4  71.8     0.0    0.0   0.0 180.0 11.1    0.00000   0.00000 999.0 109.3  9162.0  2.0  0.4  0.7  0.0  0.0
 1530.0  321.6 -27.5 -31.1  71.0     0.0    0.0   0.0 180.0  8.1    0.00000   0.00000 999.0 109.3  9243.4  1.0  0.2  0.0  0.0  0.0
 1540.0  318.5 -28.0 -31.6  71.0     0.0    0.0   0.0 180.0  7.0    0.00000   0.00000 999.0 109.3  9313.0  0.9  0.2  0.0  0.0  0.0
 1550.0  315.7 -28.5 -32.4  70.1     0.0    0.0   0.0 180.0  6.3    0.00000   0.00000 999.0 109.3  9376.4  1.0  0.2  0.3  0.0  0.0
 1560.0  297.4 -29.1 -32.9  70.0     0.0    0.0   0.0 180.0 99.0    0.00000   0.00000 999.0 109.3 99999.0 36.4  0.2  0.0  0.0  0.0
 1570.0  309.2 -29.5 -33.3  70.0   999.0  999.0 999.0 109.3  7.5  -63.15235  22.10390 999.0 290.7  9526.5  0.9  0.1  0.0 99.0 99.0
 1580.0  306.2 -29.9 -33.7  69.4   999.0  999.0 999.0 109.3  6.9  -81.19678  28.41904 999.0 291.7  9595.1  1.0  0.1  0.5 99.0 99.0
 1590.0  303.0 -30.2 -34.1  68.9    -7.3   -1.2  14.3  80.3  7.4  -81.19752  28.41892 999.0 291.7  9669.6  1.0  0.1  0.3  0.8  1.5
 1600.0  333.9 -26.2 -33.7  49.0    -7.4   -1.0  14.5  82.0 99.0  -81.19827  28.41883 999.0 291.7 99999.0 63.9 10.3 35.0  0.8  0.9
 1610.0  320.0 -27.1 -33.6  53.9    -8.7   -0.4  16.9  87.4 99.0  -81.19917  28.41879 999.0 291.7 99999.0 66.7 10.6 34.6  1.3  0.7
 1620.0  311.0 -29.0 -34.5  58.2   -10.7   -1.4  20.9  82.5 99.0  -81.20026  28.41867 999.0 291.7 99999.0 34.5  5.8 19.6  0.8  0.7
 1630.0  278.4 -34.7 -37.9  71.7   -12.0   -1.7  23.4  82.1 99.0  -81.20148  28.41852 999.0 291.7 99999.0 29.9  5.2 13.2  1.3  0.6
 1640.0  322.2 -28.6 -35.1  53.5    -8.5    0.4  16.6  92.8 99.0  -81.20236  28.41856 999.0 291.7 99999.0 88.9 15.0 42.1  1.0  1.2
 1650.0  285.0 -33.6 -38.0  64.3    -9.4    0.6  18.3  93.8  7.2  -81.20332  28.41861 999.0 291.7 10102.4  1.0  0.2  0.5  0.7  0.9
 1660.0  282.4 -34.1 -38.5  64.3    -8.7   -1.2  17.0  81.9  6.4  -81.20419  28.41850 999.0 291.7 10166.2  1.1  0.2  1.2  0.8  0.9
 1670.0  282.3 -34.3 -39.2  61.2    -8.5   -1.4  16.7  80.4 99.0  -81.20507  28.41837 999.0 291.7 99999.0  6.5  1.1  4.1  1.0  0.8
 1680.0  276.5 -35.2 -39.8  62.6   -10.0   -2.0  19.8  78.4  7.4  -81.20609  28.41819 999.0 291.7 10313.5  1.1  0.2  0.5  2.2  0.6
 1690.0  273.8 -35.7 -40.5  61.8    -8.5   -3.7  18.0  66.4  6.9  -81.20696  28.41785 999.0 291.7 10382.3  0.8  0.2  0.4  3.8  1.5
 1700.0  270.4 -36.4 -41.2  61.0   -12.9   -3.5  25.9  74.8  8.7  -81.20828  28.41754 999.0 291.7 10469.6  1.2  0.2  0.0  2.1  1.4
 1710.0  269.4 -36.7 -41.7  59.4   -10.1   -0.4  19.7  87.7 99.0  -81.20931  28.41750 999.0 291.7 99999.0  4.3  0.8  2.7  0.7  0.8
 1720.0  274.5 -35.9 -41.9  54.0   -10.1   -1.7  19.9  80.7 99.0  -81.21036  28.41735 999.0 291.7 99999.0 23.7  4.0 21.9  1.3  1.1
 1730.0  262.0 -38.2 -43.2  59.6    -8.4   -3.1  17.3  69.7  7.3  -81.21120  28.41707 999.0 291.7 10688.7  0.9  0.4  0.5  1.2  0.9
 1740.0  258.8 -38.9 -43.8  59.0   -10.1   -4.1  21.2  67.8  8.3  -81.21224  28.41671 999.0 291.7 10771.7  1.1  0.2  0.0  0.7  0.8
 1750.0  255.8 -39.5 -44.5  59.3    -9.2   -2.1  18.4  77.4  8.1  -81.21319  28.41652 999.0 291.7 10853.1  0.9  0.2  2.8  1.1  1.1
 1760.0  253.0 -40.1 -45.3  58.0   -12.3   -6.2  26.8  63.4  7.4  -81.21445  28.41596 999.0 291.7 10927.2  1.0  0.2  0.0  1.4  0.9
 1770.0  260.3 -38.9 -45.4  50.1   -10.9   -7.4  25.5  55.7 99.0  -81.21555  28.41529 999.0 291.7 99999.0 25.1  4.3 19.2  0.8  0.9
 1780.0  246.5 -41.4 -46.4  58.6   -10.1   -6.4  23.2  57.8  8.9  -81.21658  28.41472 999.0 291.7 11105.6  2.5  0.6  1.4  0.7  0.9
 1790.0  244.8 -41.7 -46.7  57.7    -8.9   -6.2  20.9  55.2  4.6  -81.21750  28.41417 999.0 291.7 11151.3  0.8  0.2  0.5  1.1  1.7
 1800.0  242.3 -42.1 -47.3  57.0   -10.0   -6.2  22.8  58.3  6.9  -81.21851  28.41361 999.0 291.7 11220.3  1.0  0.1  0.0  1.6  2.0
 1810.0  237.7 -42.8 -47.8  57.9    -9.6   -7.6  23.8  51.5 99.0  -81.21950  28.41293 999.0 291.7 99999.0  4.5  1.0  3.4  1.4  1.1
 1820.0  236.9 -43.0 -48.4  55.3    -8.9   -6.4  21.2  54.3  7.7  -81.22041  28.41235 999.0 291.7 11373.5  1.0  0.2  0.7  0.8  0.9
 1830.0  234.0 -43.7 -49.3  53.9   -12.6   -4.7  26.2  69.4  8.3  -81.22171  28.41193 999.0 291.7 11456.4  0.9  0.2  0.3  1.3  1.3
 1840.0  231.1 -44.5 -50.0  54.0   -13.2   -4.5  27.1  71.1  8.3  -81.22305  28.41152 999.0 291.7 11539.2  1.0  0.3  0.0  1.2  1.5
 1850.0  228.2 -45.3 -49.8  59.6    -9.4   -6.2  21.8  56.7  8.6  -81.22403  28.41096 999.0 291.7 11625.3  1.0  0.2 14.1  1.0  0.9
 1860.0  225.1 -46.0 -51.6  53.4   -10.1   -7.2  24.1  54.6  9.0  -81.22506  28.41032 999.0 291.7 11715.7  1.0  0.3  0.5  0.7  1.3
 1870.0  221.9 -46.9 -52.5  53.0    -9.2  -10.7  27.4  40.9  9.5  -81.22599  28.40935 999.0 291.7 11810.3  1.0  0.2  0.0  0.8  0.8
 1880.0  219.0 -47.6 -53.2  53.0    -9.1   -9.1  24.9  45.0  8.7  -81.22693  28.40854 999.0 291.7 11897.8  0.9  0.2  0.0  0.8  0.6
 1890.0  216.0 -48.4 -53.9  52.9    -7.6   -9.1  23.0  40.0  9.2  -81.22771  28.40772 999.0 291.7 11989.6  1.0  0.2  0.3  0.8  0.6
 1900.0  212.9 -49.1 -54.6  52.0    -7.1   -8.0  20.8  41.4  9.3  -81.22842  28.40700 999.0 291.7 12082.5  1.0  0.3  0.0  0.8  0.9
 1910.0  209.9 -50.0 -55.7  50.9    -5.4   -7.4  17.8  36.2  9.4  -81.22899  28.40633 999.0 291.7 12176.8  1.0  0.3  0.6  0.8  0.0
 1920.0  206.9 -50.7 -56.5  50.0    -6.7   -8.6  21.2  37.8  9.3  -81.22967  28.40556 999.0 291.7 12269.3  0.9  0.2  0.0  0.9  0.9
 1930.0  203.7 -51.3 -57.0  50.0    -5.8   -5.6  15.6  46.2 10.2  -81.23026  28.40505 999.0 291.7 12371.7  1.7  0.2  0.0  1.1  1.2
 1940.0  200.7 -52.0 -58.0  49.1    -7.2   -7.2  19.8  45.1  9.6  -81.23100  28.40441 999.0 291.7 12467.5  0.7  0.3  0.3  0.8  1.6
 1950.0  198.3 -52.8 -58.7  48.3   -10.0   -9.1  26.1  47.7  8.0  -81.23202  28.40359 999.0 291.7 12547.1  0.9  0.2  0.5  0.9  1.6
 1960.0  195.3 -53.6 -59.8  47.5    -6.3   -3.9  14.5  58.3  9.6  -81.23267  28.40324 999.0 291.7 12643.1  1.1  0.3  0.5  0.9  1.1
 1970.0  192.9 -54.3 -60.5  47.0    -4.5   -3.5  11.1  52.2  8.1  -81.23312  28.40292 999.0 291.7 12723.8  0.8  0.2  0.0  1.0  1.4
 1980.0  190.2 -55.1 -61.3  46.1    -7.9   -6.0  19.3  53.1  8.8  -81.23394  28.40239 999.0 291.7 12812.0  0.9  0.3  0.3  1.4  1.2
 1990.0  187.4 -56.3 -62.5  45.4    -8.2   -6.8  20.5  50.4  9.7  -81.23477  28.40178 999.0 291.7 12909.4  0.9  0.6  0.5  0.8  0.9
 2000.0  184.5 -57.0 -63.5  43.9    -8.5   -7.2  21.7  49.8  9.6  -81.23565  28.40113 999.0 291.7 13005.3  0.9  0.3  0.6  1.0  0.6
 2010.0  181.8 -57.7 -64.5  41.7    -7.1   -6.2  18.2  48.8  9.3  -81.23637  28.40057 999.0 291.7 13098.5  0.8  0.2  0.7  1.1  0.9
 2020.0  179.2 -58.6 -65.5  40.0   -10.1   -8.7  25.9  49.5  9.3  -81.23741  28.39979 999.0 291.7 13191.2  0.8  0.3  0.5  0.7  0.9
 2030.0  175.6 -59.7 -66.6  39.7   -10.1   -7.8  24.8  52.3 12.8  -81.23843  28.39909 999.0 291.7 13319.4  2.7  0.6  1.7  0.7  0.8
 2040.0  173.9 -60.2 -67.6  38.1    -9.4   -8.9  25.1  46.8  6.0  -81.23941  28.39829 999.0 291.7 13379.1  0.6  0.2 99.0  0.7  1.2
 2050.0  171.7 -60.7 -67.8  38.0   -11.2   -8.8  27.7  51.9  8.0  -81.24056  28.39750 999.0 291.6 13459.5  0.8  0.2 99.0  0.5  1.5
 2060.0  169.0 -61.7 -69.0  37.3    -8.5   -5.4  19.5  57.8  9.8  -81.24143  28.39702 999.0 291.6 13557.4  0.9  0.3 99.0  2.1  2.5
 2070.0  166.9 -62.3 -69.4  37.5    -3.4   -2.1   7.7  58.8  7.6  -81.24177  28.39683 999.0 291.6 13633.7  0.8  0.3 99.0  0.9  0.6
 2080.0  164.6 -62.9 -70.2  36.3    -3.8   -2.0   8.4  61.7  8.4  -81.24216  28.39665 999.0 291.6 13718.0  1.0  0.3 99.0  1.7  1.0
 2090.0  160.3 -63.5 -71.0  35.6    -7.6   -4.1  16.8  61.6 99.0  -81.24295  28.39628 999.0 291.6 99999.0  5.2  0.3 99.0  0.8  1.5
 2100.0  156.5 -65.8 -72.2  40.3    -9.2   -9.1  25.1  45.5 99.0  -81.24388  28.39546 999.0 291.6 99999.0  8.0  3.8 99.0  0.8  1.1
 2110.0  157.4 -65.1 -72.8  34.0   -11.8  -10.5  30.6  48.3  9.2  -81.24509  28.39452 999.0 291.6 13995.2  0.8  0.3 99.0  1.0  0.9
 2120.0  136.6 -69.6 -73.1  61.0    -9.1   -7.6  22.9  50.0 99.0  -81.24602  28.39383 999.0 291.6 99999.0 49.6 10.5 99.0  1.6  1.4
 2130.0  152.9 -66.4 -74.1  33.3    -6.7   -8.6  21.2  37.8  8.7  -81.24670  28.39306 999.0 291.6 14168.5  0.7  0.3 99.0  0.9  1.8
 2140.0  139.9 -69.2 -74.9  42.9    -8.0   -8.7  22.8  42.7 99.0  -81.24752  28.39228 999.0 291.6 99999.0 25.0  5.3 99.0  2.6  1.2
 2150.0  148.8 -67.6 -75.4  32.0   -13.2   -7.4  29.4  60.7  8.3  -81.24887  28.39161 999.0 291.6 14333.6  0.7  0.3 99.0  1.2  0.9
 2160.0  146.2 -68.3 -76.2  31.2    -9.2   -3.7  19.3  68.1 10.7  -81.24982  28.39128 999.0 291.6 14440.4  1.2  0.2 99.0  0.8  0.9
 2170.0  143.7 -68.6 -76.5  30.9    -8.3   -4.5  18.4  61.4 10.1  -81.25066  28.39087 999.0 291.6 14541.2  0.5  0.1 99.0  1.9  0.9
 2180.0  141.6 -69.0 -76.9  30.8    -2.0    2.9   6.8 145.3  8.9  -81.25086  28.39113 999.0 291.6 14630.0  0.9  0.2 99.0  1.5  1.3
 2190.0  140.0 -69.4 -77.3  30.5    -7.8   -3.1  16.3  68.4  7.1  -81.25167  28.39085 999.0 291.6 14701.1  0.8  0.2 99.0  1.3  1.2
 2200.0  138.0 -70.1 -78.2  29.8    -7.8    1.4  15.4 100.5  8.4  -81.25247  28.39098 999.0 291.6 14784.7  0.5  0.3 99.0  1.3  2.3
 2210.0  136.6 -70.5 -78.4  29.8    -5.1    4.3  12.9 130.4  6.2  -81.25299  28.39137 999.0 291.6 14846.3  0.7  0.1 99.0  0.9  1.2
 2220.0  134.6 -70.7 -78.8  29.2    -8.3   -0.6  16.2  85.8  8.8  -81.25384  28.39131 999.0 291.6 14934.5  0.9  0.0 99.0  0.9  1.5
 2230.0  140.3 -69.2 -81.2  16.0    -4.3   -2.5   9.7  60.2 99.0  -81.25428  28.39110 999.0 291.6 99999.0  6.9  1.4 99.0  1.1  1.5
 2240.0  135.9 -68.9 -79.4  21.0    -0.5    0.6   1.5 141.6 99.0  -81.25433  28.39115 999.0 291.6 99999.0  8.0  0.8 99.0  1.3  3.7
 2250.0  999.0 999.0 899.1 999.0     1.6   -8.0  15.9 349.0 99.0  -81.25416  28.39043 999.0 291.6 99999.0 99.0 99.0 99.0  0.0  5.5
 2260.0  128.2 -68.9 -75.3  39.8     0.0   10.1  19.6 180.0  7.2  -81.25416  28.39133 999.0 291.6 15224.0  1.1  0.3 99.0  0.0  0.9
 2270.0  126.5 -68.3 -74.6  39.8     0.7    6.8  13.3 185.8  7.9  -81.25409  28.39194 999.0 291.6 15302.8  0.5  0.2 99.0  0.8  2.3
 2280.0  125.2 -67.7 -75.8  30.3    -1.2    1.6   4.0 143.5  6.3  -81.25422  28.39209 999.0 291.6 15366.1  0.6  0.3 99.0  0.7  1.1
 2290.0  122.1 -68.0 -75.9  31.4     3.4    3.9  10.0 221.0 15.1  -81.25388  28.39245 999.0 291.6 15517.1  3.6  0.8 99.0  2.1  1.1
 2300.0  123.1 -67.6 -76.1  28.6     2.2   -2.7   6.7 321.0 99.0  -81.25365  28.39220 999.0 291.6 99999.0  2.0  0.3 99.0  1.5  2.2
 2310.0  184.1 -62.4 999.0  -1.0     2.2   -2.1   5.8 313.3 99.0  -81.25343  28.39202 999.0 291.6 99999.0 99.0  9.3 99.0  0.8  1.8
 2320.0  119.9 -67.6 -76.1  29.0     5.2   -1.2  10.5 283.2  3.6  -81.25289  28.39191 999.0 291.6 15625.0  0.3  0.0 99.0  0.7  3.0
 2330.0  119.1 -67.7 -76.4  28.1     2.2   -5.2  10.8 337.3  4.1  -81.25268  28.39144 999.0 291.6 15666.0  1.0  0.2 99.0  1.1  1.9
 2340.0  117.5 -67.7 -76.4  27.7    -0.9   -2.1   4.4  23.2  8.0  -81.25276  28.39126 999.0 291.6 15745.9  0.3  0.1 99.0  1.1  0.6
 2350.0  116.2 -67.5 -76.4  27.0    -5.2   -6.2  15.7  40.3  6.6  -81.25330  28.39071 999.0 291.6 15812.2  0.4  0.0 99.0  1.0  1.2
 2360.0  115.0 -67.7 -76.6  27.0    -2.0   -2.3   5.9  41.6  6.3  -81.25350  28.39050 999.0 291.6 15875.5  0.4  0.1 99.0  0.7  0.8
 2370.0  113.8 -67.8 -76.9  26.1    -1.6    0.4   3.3 104.0  6.2  -81.25367  28.39054 999.0 291.6 15937.7  0.4  0.0 99.0  0.0  0.8
 2380.0  112.8 -68.1 -77.2  26.0    -0.3    1.4   2.9 166.4  5.6  -81.25370  28.39067 999.0 291.6 15993.8  0.4  0.1 99.0  0.7  0.8
 2390.0  111.7 -68.3 -77.6  25.0    -1.3    1.7   4.0 143.0  5.6  -81.25385  28.39082 999.0 291.6 16049.6  0.3  0.1 99.0  1.7  0.6
 2400.0  111.0 -68.3 -77.7  24.3    -3.1    0.2   6.0  93.9  4.2  -81.25414  28.39083 999.0 291.6 16091.5  0.4  0.5 99.0  0.9  0.6
 2410.0  108.7 -67.6 -74.3  38.0    -0.2  -10.1  19.6   0.9 12.6  -81.25417  28.38993 999.0 291.6 16217.4  1.8  0.3 99.0  1.9  8.2
 2420.0  999.0 999.0 899.1 999.0     3.9  -23.7  46.5 350.5 99.0  -81.25376  28.38780 999.0 291.6 99999.0 99.0 99.0 99.0  2.7 12.0
 2430.0  106.8 -68.4 -76.0  32.7   -15.7   32.1  69.3 153.9  5.1  -81.25537  28.39069 999.0 291.6 16318.7  0.1  0.4 99.0  4.5  5.5
 2440.0  106.0 -68.9 -78.8  23.0   -13.6    0.8  26.4  93.5  4.4  -81.25677  28.39076 999.0 291.6 16363.2  0.4  0.1 99.0  3.4  4.5
 2450.0  107.0 -68.9 -80.5  16.9    -6.7   -2.5  13.9  69.8 99.0  -81.25745  28.39054 999.0 291.6 99999.0  4.9  0.8 99.0  0.9  0.9
 2460.0   85.6 -73.8 -79.7  39.0    -3.5    1.0   7.0 106.5 99.0  -81.25779  28.39063 999.0 291.6 99999.0 19.0  4.3 99.0  1.2  1.5
 2470.0   72.7 -74.5 -78.3  54.6    -0.5    0.2   1.1 110.5 99.0  -81.25785  28.39065 999.0 291.6 99999.0 55.5  7.5 99.0  0.8  1.0
