 08/06/87                                                                      
 17:09:14                                                                      
  823.7                                                                        
  1751                                                                         
 000006    25.19     34.7    823.5 *                                           
 000010    25.36     33.8    823.3                                             
 000015    25.77     33.7    823.4                                             
 000019    25.73     33.6    823.4                                             
 000024    25.65     33.2    823.4                                             
 000028    25.53     33.2    823.4                                             
 000033    25.41     33.1    823.4 *                                           
 000037    25.26     33.4    823.3                                             
 000041    25.08     33.4    823.4                                             
 000046    25.14     35.8    821.7                                             
 000050    24.02     36.1    823.4                                             
 000055    25.21     32.9    823.6                                             
 000059    26.65     31.1    823.6 *                                           
 000201    23.24     38.0    823.4                                             
 000206    23.14     38.3    823.6                                             
 000210    23.12     38.5    823.1 *                                           
 000215    23.06     38.7    823.3                                             
 000219    23.40     38.7    823.5                                             
 000224    23.78     38.4    823.5                                             
 000228    23.44     39.1    823.3                                             
 000233    23.35     38.6    822.3                                             
 000237    23.78     38.5    823.5 *                                           
 000242    23.10     39.0    823.4                                             
 000246    22.90     39.4    823.0                                             
 000251    22.94     40.0    822.9                                             
 000255    22.93     40.0    822.9                                             
 000300    22.78     39.7    822.8                                             
 000304    22.92     40.1    822.9 *                                           
 000309    23.72     38.2    823.6                                             
 000313    23.33     39.5    823.6                                             
 000318    23.21     39.3    823.4                                             
 000322    23.01     39.8    823.3                                             
 000326    22.79     37.8    820.8                                             
 000331    22.59     37.8    818.3 *                                           
 000335    22.43     36.2    815.3                                             
 000340    22.32     35.9    812.8                                             
 000344    22.43     33.7    810.3                                             
 000349    22.40     33.5    807.6                                             
 000353    22.22     33.5    805.0                                             
 000358    22.02     33.6    802.3 *                                           
 000402    21.77     33.7    799.5                                             
 000407    21.51     34.0    797.1                                             
 000411    21.29     34.2    794.0                                             
 000415    21.01     34.4    791.4                                             
 000420    20.76     34.8    788.2                                             
 000424    20.57     34.0    785.3 *                                           
 000429    20.44     34.1    783.1                                             
 000433    20.32     34.1    780.9                                             
 000438    20.14     34.5    778.9                                             
 000442    19.91     34.8    776.4                                             
 000447    19.72     35.0    773.9                                             
 000451    19.52     35.3    771.5 *                                           
 000456    19.29     35.7    769.1                                             
 000500    19.04     36.1    766.6                                             
 000505    18.85     36.2    764.1                                             
 000509    18.65     36.6    761.7                                             
 000513    18.42     37.1    759.5                                             
 000518    18.15     37.6    757.3 *                                           
 000522    17.93     38.0    754.6                                             
 000527    17.68     38.4    752.1                                             
 000531    17.43     38.8    749.6                                             
 000536    17.23     39.1    747.0                                             
 000540    17.01     39.6    744.5                                             
 000545    16.85     39.3    741.9 *                                           
 000549    16.75     39.6    739.3                                             
 000554    16.57     39.4    736.4                                             
 000558    16.45     39.4    734.4                                             
 000603    16.18     39.9    731.3                                             
 000607    15.98     40.2    729.0                                             
 000612    15.69     40.7    726.5 *                                           
 000616    15.49     41.5    723.5                                             
 000621    15.32     41.2    721.2                                             
 000625    15.13     41.3    718.9                                             
 000629    14.88     42.0    716.5                                             
 000634    14.68     42.2    714.3                                             
 000638    14.36     42.6    712.2 *                                           
 000643    14.13     43.3    709.5                                             
 000647    13.69     43.4    706.9                                             
 000652    13.61     43.8    704.5                                             
 000656    13.33     44.2    702.3                                             
 000701    13.03     45.0    700.2                                             
 000705    12.87     46.1    697.9 *                                           
 000710    12.61     46.8    695.6                                             
 000714    12.38     47.5    693.5                                             
 000719    12.11     48.7    691.4                                             
 000723    11.83     49.1    689.0                                             
 000728    11.59     49.8    687.1                                             
 000732    11.33     50.6    684.8 *                                           
 000737    11.02     51.3    682.7                                             
 000741    10.75     51.9    680.1                                             
 000746    10.42     52.7    677.3                                             
 000750    10.13     53.6    675.2                                             
 000755     9.92     54.2    673.1                                             
 000759     9.73     54.1    670.9 *                                           
 000804     9.59     54.5    668.6                                             
 000808     9.37     54.8    666.2                                             
 000813     9.16     55.4    664.0                                             
 000817     8.92     55.9    661.9                                             
 000822     8.69     56.2    659.9                                             
 000826     8.45     56.9    657.5 *                                           
 000831     8.14     57.6    655.3                                             
 000835     7.89     58.6    653.0                                             
 000840     7.63     59.0    650.8                                             
 000844     7.44     59.2    648.7                                             
 000849     7.31     59.3    646.2                                             
 000853     7.22     59.0    643.8 *                                           
 000858     7.07     59.5    641.4                                             
 000902     7.02     58.8    639.4                                             
 000907     6.81     60.0    637.4                                             
 000911     6.43     60.2    634.8                                             
 000916     6.30     60.6    632.7                                             
 000920     6.15     60.6    630.3 *                                           
 000925     5.97     60.9    627.6                                             
 000929     5.74     61.5    625.3                                             
 000934     5.48     62.5    623.2                                             
 000938     5.39     62.1    620.9                                             
 000943     5.17     63.7    618.6                                             
 000947     4.84     65.5    617.2 *                                           
 000952     4.60     66.0    615.0                                             
 000956     4.36     68.0    613.0                                             
 001001     4.00     68.9    611.7                                             
 001005     3.77     69.9    609.6                                             
 001010     3.44     70.8    607.8                                             
 001014     3.15     72.3    605.9 *                                           
 001019     2.97     73.1    604.4                                             
 001023     2.74     75.0    602.4                                             
 001028     2.48     73.9    600.7                                             
 001032     2.18     77.6    598.7                                             
 001037     1.96     78.9    596.8                                             
 001041     1.72     81.2    595.1 *                                           
 001046     1.46     82.7    593.1                                             
 001050     1.27     84.6    591.2                                             
 001055     1.05     86.1    589.5                                             
 001059     0.96     86.7    587.6                                             
 001104     0.87     87.1    585.9                                             
 001108     0.69     87.6    584.3 *                                           
 001113     0.49     88.5    582.1                                             
 001118     0.31     88.8    580.5                                             
 001122     0.11     88.9    578.4                                             
 001127    -0.06     89.0    576.9                                             
 001131    -0.19     89.6    575.2                                             
 001136    -0.35     90.3    573.1 *                                           
 001140    -0.47     90.8    571.4                                             
 001145    -0.58     90.9    570.1                                             
 001149    -0.76     91.6    568.3                                             
 001154    -0.95     92.4    566.5                                             
 001158    -1.16     93.1    565.2                                             
 001203    -1.28     93.4    563.8 *                                           
 001207    -1.43     94.0    562.3                                             
 001212    -1.55     94.4    561.1                                             
 001216    -1.67     94.6    559.1                                             
 001221    -1.80     94.7    557.8                                             
 001226    -1.96     94.9    556.1                                             
 001230    -2.14     95.2    554.1 *                                           
 001235    -2.29     95.4    552.3                                             
 001239    -2.44     95.5    550.4                                             
 001244    -2.58     95.6    548.8                                             
 001248    -2.75     95.6    546.8                                             
 001253    -2.90     95.7    545.0                                             
 001257    -3.01     95.7    543.3 *                                           
 001302    -3.14     95.6    541.5                                             
 001306    -3.29     95.3    539.3                                             
 001311    -3.47     95.5    537.6                                             
 001315    -3.68     95.7    536.0                                             
 001320    -3.78     95.5    534.4                                             
 001325    -3.95     95.7    532.7 *                                           
 001329    -4.10     95.8    530.9                                             
 001334    -4.26     95.7    529.2                                             
 001338    -4.42     95.8    527.1                                             
 001343    -4.60     96.0    525.4                                             
 001347    -4.75     96.0    523.3                                             
 001352    -5.00     99.0    521.2 *                                           
 001356    -5.16     99.4    519.5                                             
 001401    -5.31     99.4    517.7                                             
 001406    -5.46     99.7    515.8                                             
 001410    -5.64     99.7    513.9                                             
 001415    -5.80     99.0    512.7                                             
 001419    -5.89     99.0    510.6 *                                           
 001424    -6.01     98.8    509.1                                             
 001428    -6.15    100.1    507.7                                             
 001433    -6.32     98.7    506.0                                             
 001437    -6.51    102.0    504.1                                             
 001442    -6.66     99.0    502.3                                             
 001447    -6.80     99.7    500.8 *                                           
 001451    -6.99     99.7    498.8                                             
 001456    -7.15     99.2    496.6                                             
 001500    -7.33    102.0    494.9                                             
 001505    -7.50    102.0    493.3                                             
 001509    -7.67    102.0    491.8                                             
 001514    -7.81    102.0    490.0 *                                           
 001518    -7.95    102.0    488.4                                             
 001523    -8.09     99.8    486.7                                             
 001528    -8.26     99.8    485.1                                             
 001532    -8.42    102.0    483.0                                             
 001537    -8.56    102.0    481.3                                             
 001541    -8.73    102.0    479.7 *                                           
 001546    -8.93    102.0    477.6                                             
 001550    -9.09    102.0    476.2                                             
 001555    -9.22     99.3    475.0                                             
 001600    -9.36    102.0    473.3                                             
 001604    -9.50     98.8    471.4                                             
 001609    -9.62     98.8    470.0 *                                           
 001613    -9.75     99.0    468.1                                             
 001618    -9.92     97.8    466.2                                             
 001622   -10.10     98.3    464.5                                             
 001627   -10.24     98.3    462.7                                             
 001631   -10.41     98.0    460.9                                             
 001636   -10.56     97.6    459.2 *                                           
 001641   -10.72     97.6    457.3                                             
 001645   -10.87     97.5    455.8                                             
 001650   -11.07    102.0    454.1                                             
 001654   -11.24     97.2    452.3                                             
 001659   -11.39     96.6    450.7                                             
 001703   -11.57     99.4    448.8 *                                           
 001708   -11.76     97.7    447.2                                             
 001713   -11.88    102.0    445.7                                             
 001717   -12.07     96.6    443.9                                             
 001722   -12.18     96.6    441.2                                             
 001726   -12.45     96.6    440.3                                             
 001731   -12.61     98.3    438.8 *                                           
 001735   -12.77    100.0    436.7                                             
 001740   -12.94     97.9    435.7                                             
 001745   -13.08     96.8    433.7                                             
 001749   -13.21     96.9    431.6                                             
 001754   -13.37     95.5    430.1                                             
 001758   -13.57     96.2    428.5 *                                           
 001803   -13.76     95.2    426.9                                             
 001808   -13.89     95.2    425.2                                             
 001812   -14.08     94.6    423.6                                             
 001817   -14.19     94.1    422.1                                             
 001821   -14.35     94.2    420.5                                             
 001826   -14.50     93.5    418.8 *                                           
 001830   -14.75     93.3    416.9                                             
 001835   -14.97     92.9    414.3                                             
 001840   -15.14     92.2    412.8                                             
 001844   -15.40     91.9    410.5                                             
 001849   -15.52     91.8    408.8                                             
 001853   -15.66     92.0    407.2 *                                           
 001858   -15.83     91.7    404.9                                             
 001903   -16.08     91.4    403.2                                             
 001907   -16.26     91.1    401.7                                             
 001912   -16.51     91.0    399.9                                             
 001916   -16.70     91.0    398.2                                             
 001921   -16.89     90.8    396.8 *                                           
 001925   -17.10     90.9    395.0                                             
 001930   -17.33     91.3    393.3                                             
 001935   -17.47     90.7    391.8                                             
 001939   -17.73     90.8    389.7                                             
 001944   -18.03     90.7    387.9                                             
 001948   -18.19     90.7    386.3 *                                           
 001953   -18.39     90.1    384.4                                             
 001958   -18.67     90.3    382.7                                             
 002002   -18.88     89.9    381.2                                             
 002007   -19.06     89.8    379.5                                             
 002011   -19.29     89.4    377.8                                             
 002016   -19.53     89.0    376.0 *                                           
 002021   -19.76     88.6    374.3                                             
 002025   -19.96     88.5    372.7                                             
 002030   -20.20     88.7    370.4                                             
 002034   -19.16     88.7    369.5                                             
 002039   -20.56     88.2    367.4                                             
 002044   -20.71     87.8    365.5 *                                           
 002048   -20.77     87.2    363.6                                             
 002053   -20.90     87.1    362.5                                             
 002057   -21.14     86.4    360.8                                             
 002102   -21.67     86.1    358.3                                             
 002107   -21.92     85.9    356.8                                             
 002111   -22.30     85.3    355.4 *                                           
 002116   -22.46     85.0    354.6                                             
 002120   -22.63     84.7    353.2                                             
 002125   -22.86     84.3    351.9                                             
 002130   -23.01     84.2    350.8                                             
 002134   -23.22     83.8    349.3                                             
 002139   -23.35     83.7    348.2 *                                           
 002143   -23.58     83.4    347.6                                             
 002148   -23.80     83.0    345.2                                             
 002153   -24.04     82.8    344.4                                             
 002157   -24.21     82.2    342.9                                             
 002202   -24.50     81.9    342.0                                             
 002206   -24.84     81.5    340.9 *                                           
 002211   -25.02     81.2    339.8                                             
 002216   -25.17     81.0    338.9                                             
 002220   -25.34     80.9    338.3                                             
 002225   -25.39     80.7    337.6                                             
 002229   -25.52     80.4    336.1                                             
 002234   -25.67     80.3    334.8 *                                           
 002239   -25.83     80.1    333.8                                             
 002243   -25.93     79.9    333.3                                             
 002248   -26.12     79.6    331.8                                             
 002253   -26.35     79.3    331.1                                             
 002257   -26.69     79.5    329.9                                             
 002302   -26.78     78.9    329.0 *                                           
 002306   -27.07     78.3    327.8                                             
 002311   -27.26     77.9    327.1                                             
 002316   -27.41     77.0    325.5                                             
 002320   -27.61     76.0    324.6                                             
 002325   -27.78     75.3    323.6                                             
 002330   -27.88     75.0    322.4 *                                           
 002334   -28.14     74.4    321.7                                             
 002339   -28.32 88888888 88888888                                             
 002343   -28.47     73.7    319.9                                             
 002348   -28.68     73.1    318.9                                             
 002353   -28.66     72.8    318.0                                             
 002357   -28.89     72.5    317.0 *                                           
 002402   -29.10     72.2    315.7                                             
 002406   -29.34     71.7    315.2                                             
 002411   -29.41     71.3    314.2                                             
 002416   -29.65     71.0    313.3                                             
 002420   -29.82     70.6    312.4                                             
 002425   -30.02 88888888    311.9 *                                           
 002430   -30.17     69.9    311.0                                             
 002434   -29.94     69.6    309.9                                             
 002439   -30.01     68.6    308.4                                             
 002443   -30.30     67.9    307.5                                             
 002448 88888888 88888888 88888888                                             
 002453 88888888 88888888 88888888 *                                           
 002457 88888888 88888888 88888888                                             
 002502 88888888 88888888 88888888                                             
 002507 88888888 88888888 88888888                                             
 002511 88888888 88888888 88888888                                             
 002516 88888888 88888888 88888888                                             
 002520 88888888 88888888 88888888 *                                           
 002525 88888888 88888888 88888888                                             
 002530 88888888 88888888 88888888                                             
 002534 88888888 88888888 88888888                                             
 002539 88888888 88888888 88888888                                             
 002543 88888888 88888888 88888888                                             
 002548 88888888 88888888 88888888 *                                           
 002553 88888888 88888888 88888888                                             
 002557 88888888 88888888 88888888                                             
 002602 88888888 88888888 88888888                                             
 002607 88888888 88888888 88888888                                             
 002611 88888888 88888888 88888888                                             
 002616 88888888 88888888 88888888 *                                           
 002620 88888888 88888888 88888888                                             
 002625 88888888 88888888 88888888                                             
 002630 88888888 88888888 88888888                                             
 002634 88888888 88888888 88888888                                             
 002639 88888888 88888888 88888888                                             
 002643 88888888 88888888 88888888 *                                           
 002648 88888888 88888888 88888888                                             
