1STN   DATE   GMT   BSN    HTS   LAT  LONG   ID     ASN   CASE                                                                     
 ELP  850604 1730 2015596 1193. 3148 10624     0    327      0                                                                     
 R30  14416.  TDV  72.98 R33 10251.  RHDV 78.3          CHT TM  0.00 CLK TM  0.00  BAR COR  0.0 SFC PRESS CONTACT  877.1           
 PSY CHECKS   CTO  0.0       CT  0.0       PT  0.0       CHO  0.0       CH   0.       PH   0. MSG DATA   0   0   0   0 PCPN 0 AR 0 
 MAX =  134                                         0                                                                              
0   HT      P     TC    TD    RH    AM      SM     TV    AE    SE    SPD  DIR     U     V     AZ    DISP     X       Y      TIME  S
  1193.0  877.1  26.1   3.4  23.0   5.74  24.94  300.3   7.8  33.8   4.0  240.   3.5   2.0    0.0   0.050   0.000   0.050   0.00  1
  1200.0  876.4  25.9   3.1  22.8   5.62  24.67  300.1   7.6  33.4   0.0  999.   0.0   0.0    0.0   0.050   0.000   0.050   0.02  0
  1342.6  862.2  22.1  -3.2  18.2   3.59  19.75  295.9   4.8  26.5   0.0  999.   0.0   0.0    0.0   0.050   0.000   0.050   0.50  1
  1350.0  861.5  22.0  -3.2  18.3   3.59  19.65  295.8   4.8  26.4   0.0  999.   0.0   0.0    0.0   0.050   0.000   0.050   0.52  0
  1465.8  850.0  20.5  -3.3  19.8   3.60  18.17  294.3   4.8  24.1   0.0  999.   0.0   0.0    0.0   0.050   0.000   0.050   0.80  1
  1500.0  846.6  20.2  -3.2  20.4   3.64  17.86  294.0   4.8  23.6   0.0  999.   0.0   0.0    0.0   0.050   0.000   0.050   0.93  0
  1650.0  832.0  18.7  -2.8  23.0   3.81  16.57  292.5   5.0  21.6   7.6  233.   6.0   4.6   73.6   0.697   0.668   0.197   1.51  0
  1800.0  817.5  17.3  -2.6  25.6   3.94  15.36  291.1   5.1  19.7   6.0  238.   5.1   3.2   67.9   0.947   0.878   0.357   2.09  0
  1950.0  803.2  15.8  -2.5  28.3   4.02  14.23  289.7   5.1  18.0   4.1  242.   3.6   1.9   67.7   1.104   1.021   0.419   2.67  0
  1984.0  800.0  15.5  -2.5  28.9   4.04  13.98  289.3   5.1  17.6   3.9  239.   3.3   2.0   67.7   1.136   1.051   0.432   2.80  1
  2100.0  789.1  14.4  -2.2  31.6   4.17  13.18  288.3   5.2  16.4   3.3  224.   2.3   2.3   66.5   1.226   1.124   0.489   3.24  0
  2250.0  775.2  12.9  -2.1  35.2   4.30  12.21  286.8   5.3  14.9   3.9  201.   1.4   3.7   63.9   1.309   1.175   0.577   3.80  0
  2400.0  761.4  11.5  -2.0  38.7   4.38  11.30  285.4   5.3  13.6   5.6  191.   1.1   5.5   58.9   1.426   1.221   0.737   4.36  0
  2490.6  753.2  10.7  -2.1  40.9   4.41  10.78  284.6   5.2  12.8   6.2  188.   0.9   6.1   55.1   1.511   1.240   0.864   4.70  1
  2550.0  747.8  10.1  -2.0  42.6   4.45  10.43  284.0   5.3  12.3   6.5  187.   0.7   6.5   52.8   1.566   1.248   0.946   4.91  0
  2700.0  734.4   8.6  -2.1  47.1   4.51   9.58  282.5   5.2  11.1   6.7  183.   0.3   6.7   47.8   1.714   1.269   1.152   5.43  0
  2850.0  721.2   7.1  -2.2  51.5   4.53   8.80  281.0   5.2  10.1   7.1  180.   0.0   7.1   42.9   1.861   1.267   1.364   5.95  0
  3000.0  708.2   5.6  -2.5  55.9   4.51   8.07  279.5   5.1   9.1   7.7  178.  -0.2   7.7   38.5   2.041   1.270   1.597   6.47  0
  3094.7  700.0   4.6  -2.8  58.7   4.48   7.64  278.5   5.0   8.5   7.9  182.   0.3   7.9   35.8   2.158   1.261   1.751   6.80  1
  3150.0  695.3   4.1  -2.8  60.4   4.48   7.42  278.0   5.0   8.2   8.1  184.   0.5   8.1   34.3   2.226   1.254   1.840   6.98  0
  3300.0  682.5   2.8  -3.1  65.1   4.47   6.87  276.7   4.9   7.5   8.6  190.   1.5   8.5   32.1   2.454   1.302   2.080   7.47  0
  3450.0  670.0   1.4  -3.5  69.8   4.43   6.34  275.3   4.7   6.8   9.5  190.   1.7   9.4   29.9   2.694   1.343   2.335   7.95  0
  3588.0  658.6   0.2  -3.9  74.1   4.37   5.89  274.0   4.6   6.2  10.7  191.   2.0  10.5   28.2   2.952   1.396   2.602   8.40  1
  3600.0  657.6   0.1  -3.9  74.5   4.36   5.85  273.9   4.6   6.1  10.8  191.   2.0  10.6   28.1   2.975   1.400   2.624   8.44  0
  3750.0  645.4  -1.4  -4.5  79.1   4.25   5.37  272.5   4.4   5.5  11.9  191.   2.4  11.6   26.4   3.270   1.455   2.929   8.89  0
  3900.0  633.4  -2.8  -5.2  83.8   4.12   4.91  271.0   4.2   5.0  12.8  193.   2.8  12.5   25.2   3.594   1.528   3.253   9.34  0
  4050.0  621.5  -4.2  -5.9  88.4   3.98   4.50  269.6   3.9   4.5  14.0  199.   4.6  13.3   24.0   3.945   1.607   3.603   9.79  0
  4187.7  610.7  -5.6  -6.5  92.7   3.84   4.14  268.2   3.7   4.0  16.1  210.   7.9  14.0   24.0   4.312   1.754   3.939  10.20  1
  4200.0  609.7  -5.6  -7.0  90.0   3.72   4.13  268.2   3.6   4.0  16.3  210.   8.2  14.0   24.1   4.345   1.773   3.967  10.23  0
  4302.9  601.8  -5.9 -10.8  67.8   2.78   4.10  267.8   2.7   3.9  18.1  214.  10.1  15.0   24.8   4.639   1.942   4.213  10.50  1
  4350.0  598.2  -5.2 -16.0  42.3   1.83   4.33  268.2   1.8   4.1  18.9  215.  10.9  15.4   25.2   4.811   2.048   4.353  10.68  0
  4381.6  595.8  -4.8 -21.6  25.3   1.14   4.49  268.5   1.1   4.3  19.6  215.  11.2  16.1   25.5   4.929   2.122   4.449  10.80  1
  4498.6  587.0  -5.0 -19.1  31.8   1.43   4.51  268.4   1.3   4.2  22.2  213.  12.1  18.6   26.1   5.313   2.340   4.770  11.10  1
  4500.0  586.9  -5.0 -19.0  32.2   1.45   4.51  268.4   1.4   4.2  22.2  213.  12.1  18.6   26.1   5.318   2.342   4.774  11.10  0
  4591.6  580.1  -5.4 -11.2  63.5   2.80   4.41  268.2   2.6   4.1  23.9  212.  12.8  20.2   26.4   5.626   2.501   5.040  11.30  1
  4650.0  575.8  -5.7 -12.0  61.0   2.65   4.34  267.9   2.4   4.0  25.0  212.  13.2  21.2   26.7   5.895   2.644   5.269  11.50  0
  4737.6  569.4  -6.2 -13.2  57.2   2.43   4.24  267.4   2.2   3.9  25.6  210.  12.8  22.1   27.0   6.326   2.876   5.634  11.80  1
  4800.0  564.9  -5.8 -13.5  54.6   2.39   4.38  267.7   2.2   4.0  26.0  209.  12.5  22.8   27.2   6.598   3.021   5.865  11.96  0
  4854.1  561.0  -5.6 -13.8  52.3   2.36   4.51  268.0   2.1   4.0  26.6  207.  12.2  23.7   27.2   6.832   3.127   6.074  12.10  1
  4950.0  554.2  -6.1 -15.3  47.9   2.09   4.37  267.4   1.9   3.9  27.7  205.  11.6  25.2   27.0   7.331   3.334   6.529  12.42  0
  5100.0  543.7  -7.0 -18.0  41.0   1.71   4.17  266.5   1.5   3.6  28.4  204.  11.5  25.9   26.7   8.194   3.688   7.317  12.92  0
  5213.4  535.8  -7.6 -20.1  35.8   1.44   4.02  265.8   1.2   3.4  29.0  204.  11.6  26.6   26.5   8.812   3.934   7.884  13.30  1
  5250.0  533.3  -7.5 -23.2  27.1   1.10   4.08  265.8   0.9   3.5  29.2  203.  11.6  26.8   26.5   8.979   4.002   8.038  13.39  0
  5295.2  530.2  -7.3 -28.6  16.3   0.68   4.16  265.9   0.6   3.5  29.5  203.  11.5  27.2   26.4   9.188   4.085   8.230  13.50  1
  5400.0  523.1  -7.8 -28.7  16.8   0.68   4.06  265.5   0.6   3.4  30.2  202.  11.3  28.0   26.2   9.766   4.313   8.762  13.82  0
  5550.0  513.1  -8.5 -28.7  17.5   0.69   3.93  264.8   0.6   3.2  30.3  200.  10.3  28.5   25.8  10.586   4.606   9.531  14.28  0
  5700.0  503.3  -9.1 -28.9  18.3   0.70   3.80  264.1   0.6   3.1  31.7  198.   9.6  30.2   25.3  11.423   4.880  10.328  14.74  0
  5753.4  499.8  -9.4 -28.9  18.6   0.70   3.76  263.9   0.6   3.0  32.4  197.   9.2  31.0   25.1  11.739   4.981  10.629  14.90  1
  5850.0  493.6 -10.1 -27.0  23.5   0.85   3.60  263.2   0.7   2.8  33.7  195.   8.5  32.6   24.6  12.326   5.138  11.204  15.20  0
  6000.0  484.1 -11.2 -24.8  31.2   1.05   3.37  262.2   0.8   2.6  35.6  193.   7.9  34.7   23.8  13.287   5.360  12.158  15.67  0
  6150.0  474.7 -12.2 -23.4  38.8   1.22   3.14  261.1   0.9   2.4  35.9  192.   7.7  35.1   23.0  14.295   5.582  13.160  16.14  0
  6300.0  465.4 -13.3 -22.3  46.5   1.36   2.93  260.0   1.0   2.2  36.5  192.   7.7  35.7   22.3  15.275   5.792  14.135  16.61  0
  6450.0  456.3 -14.4 -21.6  54.1   1.48   2.74  259.0   1.1   2.0  36.5  194.   8.7  35.5   21.6  16.322   6.017  15.172  17.08  0
  6455.6  456.0 -14.5 -21.6  54.4   1.49   2.73  258.9   1.1   2.0  36.5  194.   8.7  35.5   21.6  16.360   6.028  15.209  17.10  1
  6579.5  448.6 -15.3 -24.8  43.6   1.13   2.59  258.1   0.8   1.9  36.4  194.   9.0  35.2   21.2  17.417   6.304  16.236  17.60  1
  6600.0  447.4 -15.5 -24.6  45.1   1.15   2.56  257.9   0.8   1.8  36.3  194.   9.1  35.2   21.2  17.596   6.350  16.410  17.68  0
  6750.0  438.6 -16.7 -23.4  56.2   1.32   2.35  256.6   0.9   1.6  37.4  193.   8.6  36.4   20.7  18.907   6.668  17.692  18.28  0
  6882.3  430.9 -17.9 -22.7  65.9   1.43   2.17  255.5   1.0   1.5  40.1  193.   8.9  39.1   20.2  20.067   6.922  18.835  18.80  1
  6900.0  429.9 -17.9 -23.0  64.1   1.39   2.17  255.5   1.0   1.5  40.4  193.   8.9  39.4   20.1  20.202   6.954  18.968  18.85  0
  6985.4  425.0 -17.9 -24.6  55.2   1.21   2.20  255.5   0.8   1.5  42.8  193.   9.3  41.8   19.9  20.850   7.100  19.604  19.10  1
  7050.0  421.3 -18.3 -25.7  52.2   1.11   2.14  255.0   0.8   1.4  44.6  193.   9.7  43.5   19.7  21.337   7.207  20.082  19.29  0
  7200.0  413.0 -19.3 -28.2  45.3   0.90   1.99  254.0   0.6   1.3  44.0  192.   9.0  43.0   19.4  22.503   7.457  21.232  19.72  0
  7350.0  404.7 -20.4 -30.8  38.3   0.71   1.86  252.9   0.5   1.2  38.1  190.   6.9  37.5   19.0  23.600   7.675  22.317  20.15  0
  7436.3  400.0 -21.0 -32.5  34.4   0.61   1.79  252.3   0.4   1.1  35.8  190.   6.1  35.3   18.8  24.096   7.757  22.813  20.40  1
  7500.0  396.6 -21.5 -33.3  33.4   0.57   1.72  251.8   0.4   1.1  34.1  189.   5.5  33.7   18.6  24.475   7.818  23.193  20.59  0
  7650.0  388.6 -22.7 -35.1  31.1   0.49   1.58  250.5   0.3   1.0  38.0  192.   8.2  37.1   18.3  25.397   7.969  24.114  21.04  0
  7800.0  380.7 -24.0 -36.9  28.8   0.41   1.44  249.3   0.3   0.9  42.4  195.  11.0  40.9   18.2  26.515   8.261  25.196  21.49  0
  7950.0  372.9 -25.2 -38.8  26.5   0.35   1.31  248.0   0.2   0.8  40.0  196.  11.1  38.5   18.0  27.681   8.562  26.323  21.94  0
  8100.0  365.3 -26.4 -40.7  24.3   0.29   1.20  246.8   0.2   0.7  36.8  198.  11.2  35.1   18.0  28.675   8.861  27.272  22.39  0
  8250.0  357.8 -27.7 -42.7  22.0   0.24   1.09  245.5   0.1   0.6  38.6  200.  13.0  36.3   18.0  29.669   9.168  28.217  22.84  0
  8400.0  350.4 -28.9 -44.8  19.7   0.20   0.99  244.3   0.1   0.6  42.0  202.  15.8  38.9   18.1  30.756   9.563  29.231  23.29  0
  8550.0  343.1 -30.1 -46.9  17.4   0.16   0.90  243.1   0.1   0.5  43.6  204.  17.8  39.9   18.3  31.929  10.023  30.315  23.74  0
  8637.0  338.9 -30.8 -48.2  16.1   0.14   0.85  242.3   0.1   0.5  43.7  205.  18.7  39.4   18.4  32.621  10.297  30.954  24.00  1
  8700.0  335.9 -31.3 -48.6  16.1   0.13   0.82  241.9   0.1   0.4  43.7  206.  19.4  39.1   18.5  33.126  10.533  31.407  24.20  0
  8850.0  328.8 -32.4 -49.5  16.1   0.12   0.75  240.8   0.1   0.4  43.8  208.  20.6  38.7   18.9  34.354  11.112  32.508  24.67  0
  9000.0  321.9 -33.5 -50.4  16.2   0.11   0.69  239.7   0.1   0.4  43.4  209.  20.9  38.1   19.2  35.586  11.705  33.606  25.15  0
  9150.0  315.1 -34.6 -51.3  16.2   0.10   0.63  238.6   0.1   0.3  43.3  209.  21.1  37.8   19.5  36.791  12.302  34.673  25.62  0
  9300.0  308.4 -35.7 -52.2  16.3   0.09   0.58  237.5   0.0   0.3  42.7  208.  20.3  37.5   19.8  38.012  12.906  35.754  26.10  0
  9450.0  301.8 -36.8 -53.1  16.3   0.09   0.53  236.4   0.0   0.3  42.5  208.  19.8  37.6   20.1  39.191  13.458  36.807  26.57  0
  9491.2  300.0 -37.1 -53.4  16.3   0.08   0.52  236.1   0.0   0.2  43.0  208.  19.9  38.1   20.2  39.521  13.614  37.102  26.70  1
  9600.0  295.3 -38.0 -54.1  16.4   0.08   0.48  235.2   0.0   0.2  44.1  207.  20.1  39.3   20.3  40.387  14.021  37.875  27.03  0
  9750.0  288.9 -39.2 -55.0  16.5   0.07   0.43  234.0   0.0   0.2  45.6  207.  20.4  40.7   20.5  41.627  14.577  38.991  27.50  0
  9848.6  284.8 -39.9 -55.6  16.6   0.07   0.40  233.2   0.0   0.2  44.6  205.  19.2  40.3   20.6  42.459  14.953  39.739  27.80  1
  9900.0  282.7 -40.3 -56.5  15.6   0.06   0.39  232.8   0.0   0.2  44.1  205.  18.6  40.0   20.7  42.896  15.151  40.131  27.96  0
 10050.0  276.5 -41.5 -59.0  12.8   0.05   0.35  231.7   0.0   0.2  42.4  203.  16.3  39.1   20.7  44.065  15.606  41.209  28.42  0
 10200.0  270.4 -42.6 -61.8  10.0   0.03   0.32  230.6   0.0   0.1  43.2  203.  16.5  39.9   20.8  45.240  16.056  42.295  28.88  0
 10350.0  264.5 -43.7 -65.2   7.1   0.02   0.29  229.4   0.0   0.1  44.4  203.  17.0  41.0   20.8  46.454  16.522  43.417  29.34  0
 10500.0  258.6 -44.9 -69.7   4.3   0.01   0.26  228.3   0.0   0.1  44.7  203.  17.6  41.1   20.9  47.695  16.999  44.563  29.80  0
 10650.0  252.9 -46.0 -77.6   1.4   0.00   0.24  227.2   0.0   0.1  43.9  204.  18.1  40.0   21.0  48.926  17.496  45.691  30.27  0
 10726.2  250.0 -46.6 -99.9   0.0   0.00   0.22  226.6   0.0   0.1  43.7  205.  18.2  39.8   21.0  49.548  17.756  46.257  30.50  1
 10800.0  247.2 -47.2 -99.9   0.0   0.00   0.21  226.0   0.0   0.1  43.6  205.  18.3  39.5   21.0  50.168  18.019  46.821  30.74  0
 10950.0  241.7 -48.4 -99.9   0.0   0.00   0.19  224.8   0.0   0.1  44.3  205.  18.7  40.2   21.1  51.472  18.570  48.005  31.24  0
 11100.0  236.2 -49.6 -99.9   0.0   0.00   0.17  223.6   0.0   0.1  43.6  207.  19.6  38.9   21.2  52.807  19.137  49.217  31.74  0
 11250.0  230.9 -50.8 -99.9   0.0   0.00   0.15  222.4   0.0   0.1  40.8  211.  20.9  35.1   21.4  54.062  19.742  50.329  32.24  0
 11400.0  225.6 -52.0 -99.9   0.0   0.00   0.13  221.2   0.0   0.0  40.9  212.  21.7  34.6   21.7  55.211  20.384  51.310  32.73  0
 11480.4  222.8 -52.6 -99.9   0.0   0.00   0.12  220.5   0.0   0.0  42.9  211.  21.9  36.9   21.8  55.836  20.736  51.843  33.00  1
 11550.0  220.4 -52.7 -99.9   0.0   0.00   0.12  220.5   0.0   0.0  44.7  209.  22.0  38.9   21.9  56.339  20.972  52.290  33.18  0
 11700.0  215.3 -52.8 -99.9   0.0   0.00   0.13  220.4   0.0   0.0  47.5  208.  22.3  41.9   22.0  57.434  21.488  53.263  33.57  0
 11789.0  212.4 -52.8 -99.9   0.0   0.00   0.13  220.4   0.0   0.0  46.1  207.  21.1  41.0   22.0  58.091  21.799  53.845  33.80  1
 11850.0  210.4 -53.1 -99.9   0.0   0.00   0.12  220.0   0.0   0.0  45.2  207.  20.2  40.4   22.1  58.542  22.013  54.245  33.96  0
 12000.0  205.6 -54.0 -99.9   0.0   0.00   0.11  219.2   0.0   0.0  42.5  205.  17.8  38.6   22.1  59.532  22.431  55.145  34.35  0
 12150.0  200.8 -54.8 -99.9   0.0   0.00   0.11  218.4   0.0   0.0  38.9  207.  17.5  34.7   22.2  60.521  22.841  56.045  34.73  0
 12175.4  200.0 -54.9 -99.9   0.0   0.00   0.10  218.3   0.0   0.0  38.4  207.  17.7  34.1   22.2  60.687  22.910  56.196  34.80  1
 12300.0  196.1 -55.3 -99.9   0.0   0.00   0.10  217.8   0.0   0.0  36.0  211.  18.8  30.7   22.3  61.553  23.342  56.955  35.21  0
 12416.0  192.6 -55.7 -99.9   0.0   0.00   0.10  217.4   0.0   0.0  36.0  213.  19.4  30.3   22.4  62.369  23.807  57.646  35.60  1
 12450.0  191.6 -55.6 -99.9   0.0   0.00   0.10  217.6   0.0   0.0  36.0  213.  19.6  30.2   22.5  62.602  23.941  57.843  35.71  0
 12600.0  187.1 -55.0 -99.9   0.0   0.00   0.11  218.1   0.0   0.0  35.7  210.  18.0  30.8   22.6  63.646  24.500  58.742  36.20  0
 12750.0  182.8 -54.5 -99.9   0.0   0.00   0.12  218.7   0.0   0.0  35.4  207.  16.2  31.5   22.7  64.676  24.998  59.649  36.69  0
 12900.0  178.6 -53.9 -99.9   0.0   0.00   0.13  219.2   0.0   0.0  36.1  203.  13.9  33.3   22.8  65.719  25.448  60.592  37.18  0
 13029.5  175.0 -53.4 -99.9   0.0   0.00   0.14  219.7   0.0   0.0  35.0  200.  12.2  32.8   22.7  66.646  25.762  61.466  37.60  1
 13050.0  174.4 -53.6 -99.9   0.0   0.00   0.14  219.6   0.0   0.0  34.9  200.  12.0  32.7   22.7  66.795  25.812  61.606  37.67  0
 13200.0  170.4 -54.5 -99.9   0.0   0.00   0.13  218.6   0.0   0.0  29.3  201.  10.7  27.3   22.7  67.767  26.152  62.517  38.16  0
 13350.0  166.5 -55.5 -99.9   0.0   0.00   0.12  217.7   0.0   0.0  25.7  203.  10.2  23.6   22.7  68.520  26.442  63.212  38.65  0
 13500.0  162.6 -56.5 -99.9   0.0   0.00   0.11  216.7   0.0   0.0  26.3  206.  11.3  23.7   22.7  69.279  26.751  63.906  39.14  0
 13650.0  158.8 -57.4 -99.9   0.0   0.00   0.10  215.7   0.0   0.0  26.3  208.  12.3  23.3   22.8  70.067  27.110  64.610  39.63  0
 13800.0  155.0 -58.4 -99.9   0.0   0.00   0.09  214.8   0.0   0.0  24.6  211.  12.6  21.2   22.8  70.822  27.472  65.277  40.12  0
 13950.0  151.4 -59.4 -99.9   0.0   0.00   0.08  213.8   0.0   0.0  22.6  214.  12.7  18.6   22.9  71.505  27.850  65.859  40.61  0
 14007.3  150.0 -59.7 -99.9   0.0   0.00   0.08  213.4   0.0   0.0  22.2  216.  13.0  18.1   23.0  71.758  27.992  66.073  40.80  1
 14100.0  147.8 -60.4 -99.9   0.0   0.00   0.07  212.8   0.0   0.0  21.8  218.  13.4  17.2   23.0  72.175  28.250  66.416  41.14  0
 14250.0  144.3 -61.5 -99.9   0.0   0.00   0.06  211.7   0.0   0.0  22.2  221.  14.6  16.7   23.2  72.870  28.716  66.974  41.69  0
 14400.0  140.8 -62.6 -99.9   0.0   0.00   0.06  210.6   0.0   0.0  23.1  224.  15.9  16.7   23.4  73.576  29.218  67.526  42.25  0
 14550.0  137.4 -63.7 -99.9   0.0   0.00   0.05  209.5   0.0   0.0  24.7  223.  16.7  18.2   23.6  74.305  29.770  68.080  42.80  0
 14550.8  137.4 -63.7 -99.9   0.0   0.00   0.05  209.5   0.0   0.0  24.7  223.  16.7  18.2   23.6  74.310  29.774  68.085  42.80  1
 14700.0  134.1 -59.0 -99.9   0.0   0.00   0.09  214.2   0.0   0.0  25.1  220.  16.1  19.2   23.8  75.019  30.253  68.649  43.27  0
 14739.3  133.3 -57.8 -99.9   0.0   0.00   0.11  215.4   0.0   0.0  24.7  221.  16.2  18.7   23.8  75.204  30.372  68.798  43.40  1
 14850.0  131.0 -57.0 -99.9   0.0   0.00   0.12  216.1   0.0   0.0  23.8  223.  16.3  17.4   23.9  75.716  30.714  69.206  43.77  0
 14917.4  129.6 -56.6 -99.9   0.0   0.00   0.13  216.6   0.0   0.0  23.5  226.  17.0  16.3   24.0  76.028  30.923  69.455  44.00  1
 15000.0  127.9 -57.0 -99.9   0.0   0.00   0.13  216.2   0.0   0.0  23.3  230.  17.8  15.1   24.1  76.367  31.229  69.690  44.28  0
 15150.0  124.9 -57.8 -99.9   0.0   0.00   0.12  215.4   0.0   0.0  22.6  229.  17.0  14.9   24.4  76.981  31.786  70.112  44.77  0
 15247.6  123.0 -58.3 -99.9   0.0   0.00   0.11  214.9   0.0   0.0  22.1  224.  15.2  16.0   24.5  77.382  32.114  70.403  45.10  1
 15300.0  122.0 -58.2 -99.9   0.0   0.00   0.11  215.0   0.0   0.0  21.8  221.  14.2  16.6   24.6  77.595  32.245  70.578  45.27  0
 15450.0  119.1 -57.8 -99.9   0.0   0.00   0.12  215.4   0.0   0.0  20.8  213.  11.2  17.5   24.7  78.212  32.621  71.085  45.75  0
 15600.0  116.3 -57.4 -99.9   0.0   0.00   0.13  215.8   0.0   0.0  19.5  206.   8.4  17.5   24.7  78.791  32.894  71.596  46.24  0
 15650.0  115.4 -57.3 -99.9   0.0   0.00   0.14  215.9   0.0   0.0  19.1  203.   7.5  17.6   24.7  78.967  32.947  71.765  46.40  1
